,model,score_test,balanced_accuracy,f1,f1_macro,f1_micro,roc_auc,average_precision,precision,recall,log_loss,pac,score_val,eval_metric,pred_time_test,pred_time_val,fit_time,pred_time_test_marginal,pred_time_val_marginal,fit_time_marginal,stack_level,can_infer,fit_order,num_features,num_models,num_models_w_ancestors,memory_size,memory_size_w_ancestors,memory_size_min,memory_size_min_w_ancestors,num_ancestors,num_descendants,model_type,child_model_type,stopping_metric,hyperparameters,hyperparameters_fit,ag_args_fit,features,compile_time,child_hyperparameters,child_hyperparameters_fit,child_ag_args_fit,ancestors,descendants
0,CatBoost_r6,0.9743589743589743,0.6666666666666666,0.5,0.7142857142857143,0.875,0.9743589743589743,0.9166666666666666,1.0,0.3333333333333333,-0.2616272786995393,0.3986510955240083,0.9770867430441899,roc_auc,0.005331277847290039,0.0008933544158935547,0.24205541610717773,0.005331277847290039,0.0008933544158935547,0.24205541610717773,1,True,85,8,1,1,135180,135180,135180,135180,0,0,CatBoostModel,,log_loss,"{'iterations': 10000, 'learning_rate': 0.08472519974533015, 'random_seed': 0, 'allow_writing_files': False, 'eval_metric': 'Logloss', 'depth': 4, 'grow_policy': 'Depthwise', 'l2_leaf_reg': 1.5734131496361856, 'max_ctr_complexity': 3, 'one_hot_max_size': 2}",{'iterations': 140},"{'max_memory_usage_ratio': 1.0, 'max_time_limit_ratio': 1.0, 'max_time_limit': None, 'min_time_limit': 0, 'valid_raw_types': ['bool', 'int', 'float', 'category'], 'valid_special_types': None, 'ignored_type_group_special': None, 'ignored_type_group_raw': None, 'get_features_kwargs': None, 'get_features_kwargs_extra': None, 'predict_1_batch_size': None, 'temperature_scalar': None}","['dm-genero', 'dm-edad', 'CC-p1-Pd', 'FR-p1-Pd', 'St-p2-Pd', 'St-p1-Pd', 'Tv-08-Pd', 'Tv-11-Pd']",,,,,[],[]
1,CatBoost_r50,0.9487179487179487,0.6666666666666666,0.5,0.7142857142857143,0.875,0.9487179487179487,0.8055555555555556,1.0,0.3333333333333333,-0.36773234815652656,0.1962122492092352,0.9819967266775776,roc_auc,0.0020151138305664062,0.0011298656463623047,0.4765918254852295,0.0020151138305664062,0.0011298656463623047,0.4765918254852295,1,True,33,8,1,1,326423,326423,326423,326423,0,0,CatBoostModel,,log_loss,"{'iterations': 10000, 'learning_rate': 0.07092851311746352, 'random_seed': 0, 'allow_writing_files': False, 'eval_metric': 'Logloss', 'depth': 4, 'grow_policy': 'Depthwise', 'l2_leaf_reg': 2.7018061518087038, 'max_ctr_complexity': 1, 'one_hot_max_size': 2}",{'iterations': 410},"{'max_memory_usage_ratio': 1.0, 'max_time_limit_ratio': 1.0, 'max_time_limit': None, 'min_time_limit': 0, 'valid_raw_types': ['bool', 'int', 'float', 'category'], 'valid_special_types': None, 'ignored_type_group_special': None, 'ignored_type_group_raw': None, 'get_features_kwargs': None, 'get_features_kwargs_extra': None, 'predict_1_batch_size': None, 'temperature_scalar': None}","['dm-genero', 'dm-edad', 'CC-p1-Pd', 'FR-p1-Pd', 'St-p2-Pd', 'St-p1-Pd', 'Tv-08-Pd', 'Tv-11-Pd']",,,,,[],[]
2,CatBoost_r70,0.9487179487179487,0.6666666666666666,0.5,0.7142857142857143,0.875,0.9487179487179487,0.8666666666666667,1.0,0.3333333333333333,-0.4110809183047149,0.11949232678253907,0.9787234042553191,roc_auc,0.002262115478515625,0.0012259483337402344,0.5730781555175781,0.002262115478515625,0.0012259483337402344,0.5730781555175781,1,True,42,8,1,1,654335,654335,654335,654335,0,0,CatBoostModel,,log_loss,"{'iterations': 10000, 'learning_rate': 0.03743901034980473, 'random_seed': 0, 'allow_writing_files': False, 'eval_metric': 'Logloss', 'depth': 6, 'grow_policy': 'Depthwise', 'l2_leaf_reg': 1.3584121369544215, 'max_ctr_complexity': 3, 'one_hot_max_size': 2}",{'iterations': 332},"{'max_memory_usage_ratio': 1.0, 'max_time_limit_ratio': 1.0, 'max_time_limit': None, 'min_time_limit': 0, 'valid_raw_types': ['bool', 'int', 'float', 'category'], 'valid_special_types': None, 'ignored_type_group_special': None, 'ignored_type_group_raw': None, 'get_features_kwargs': None, 'get_features_kwargs_extra': None, 'predict_1_batch_size': None, 'temperature_scalar': None}","['dm-genero', 'dm-edad', 'CC-p1-Pd', 'FR-p1-Pd', 'St-p2-Pd', 'St-p1-Pd', 'Tv-08-Pd', 'Tv-11-Pd']",,,,,[],[]
3,LightGBM_r131,0.9487179487179487,0.6666666666666666,0.5,0.7142857142857143,0.875,0.9487179487179487,0.8055555555555556,1.0,0.3333333333333333,-0.2896939510459354,0.34299578458051283,0.972176759410802,roc_auc,0.0023355484008789062,0.0010883808135986328,0.8904268741607666,0.0023355484008789062,0.0010883808135986328,0.8904268741607666,1,True,16,8,1,1,864519,864519,864519,864519,0,0,LGBModel,,log_loss,"{'learning_rate': 0.012144796373999013, 'extra_trees': False, 'feature_fraction': 0.7023601671276614, 'min_data_in_leaf': 14, 'num_leaves': 53}",{'num_boost_round': 520},"{'max_memory_usage_ratio': 1.0, 'max_time_limit_ratio': 1.0, 'max_time_limit': None, 'min_time_limit': 0, 'valid_raw_types': ['bool', 'int', 'float', 'category'], 'valid_special_types': None, 'ignored_type_group_special': None, 'ignored_type_group_raw': None, 'get_features_kwargs': None, 'get_features_kwargs_extra': None, 'predict_1_batch_size': None, 'temperature_scalar': None}","['dm-genero', 'dm-edad', 'CC-p1-Pd', 'FR-p1-Pd', 'St-p2-Pd', 'St-p1-Pd', 'Tv-08-Pd', 'Tv-11-Pd']",,,,,[],[]
4,LightGBM_r121,0.9487179487179487,0.6666666666666666,0.5,0.7142857142857143,0.875,0.9487179487179487,0.8055555555555556,1.0,0.3333333333333333,-0.25174723692992973,0.4186173770168736,0.9803600654664485,roc_auc,0.004879951477050781,0.0011363029479980469,0.9700853824615479,0.004879951477050781,0.0011363029479980469,0.9700853824615479,1,True,87,8,1,1,1011999,1011999,1011999,1011999,0,0,LGBModel,,log_loss,"{'learning_rate': 0.010305352949119608, 'extra_trees': False, 'feature_fraction': 0.5730390983988963, 'min_data_in_leaf': 10, 'num_leaves': 215}",{'num_boost_round': 478},"{'max_memory_usage_ratio': 1.0, 'max_time_limit_ratio': 1.0, 'max_time_limit': None, 'min_time_limit': 0, 'valid_raw_types': ['bool', 'int', 'float', 'category'], 'valid_special_types': None, 'ignored_type_group_special': None, 'ignored_type_group_raw': None, 'get_features_kwargs': None, 'get_features_kwargs_extra': None, 'predict_1_batch_size': None, 'temperature_scalar': None}","['dm-genero', 'dm-edad', 'CC-p1-Pd', 'FR-p1-Pd', 'St-p2-Pd', 'St-p1-Pd', 'Tv-08-Pd', 'Tv-11-Pd']",,,,,[],[]
5,LightGBM_r161,0.9487179487179487,0.6666666666666666,0.5,0.7142857142857143,0.875,0.9487179487179487,0.8055555555555556,1.0,0.3333333333333333,-0.2743820288174198,0.37316498181007995,0.9672667757774142,roc_auc,0.005963325500488281,0.0012116432189941406,0.9850952625274658,0.005963325500488281,0.0012116432189941406,0.9850952625274658,1,True,40,8,1,1,951393,951393,951393,951393,0,0,LGBModel,,log_loss,"{'learning_rate': 0.010464516487486093, 'extra_trees': False, 'feature_fraction': 0.5898927512279213, 'min_data_in_leaf': 11, 'num_leaves': 252}",{'num_boost_round': 480},"{'max_memory_usage_ratio': 1.0, 'max_time_limit_ratio': 1.0, 'max_time_limit': None, 'min_time_limit': 0, 'valid_raw_types': ['bool', 'int', 'float', 'category'], 'valid_special_types': None, 'ignored_type_group_special': None, 'ignored_type_group_raw': None, 'get_features_kwargs': None, 'get_features_kwargs_extra': None, 'predict_1_batch_size': None, 'temperature_scalar': None}","['dm-genero', 'dm-edad', 'CC-p1-Pd', 'FR-p1-Pd', 'St-p2-Pd', 'St-p1-Pd', 'Tv-08-Pd', 'Tv-11-Pd']",,,,,[],[]
6,NeuralNetTorch_r86,0.9487179487179487,0.6282051282051282,0.4,0.6444444444444444,0.8125,0.9487179487179487,0.8055555555555556,0.5,0.3333333333333333,-0.8760436315758164,-0.5244470712292286,0.9787234042553191,roc_auc,0.006884098052978516,0.0032587051391601562,0.6544582843780518,0.006884098052978516,0.0032587051391601562,0.6544582843780518,1,True,32,8,1,1,316462,316462,316462,316462,0,0,TabularNeuralNetTorchModel,,roc_auc,"{'num_epochs': 1000, 'epochs_wo_improve': None, 'activation': 'relu', 'embedding_size_factor': 1.0, 'embed_exponent': 0.56, 'max_embedding_dim': 100, 'y_range': None, 'y_range_extend': 0.05, 'dropout_prob': 0.09976801642258049, 'optimizer': 'adam', 'learning_rate': 0.001631450730978947, 'weight_decay': 3.867683394425807e-05, 'proc.embed_min_categories': 4, 'proc.impute_strategy': 'median', 'proc.max_category_levels': 100, 'proc.skew_threshold': 0.99, 'use_ngram_features': False, 'num_layers': 5, 'hidden_size': 135, 'max_batch_size': 512, 'use_batchnorm': False, 'loss_function': 'auto'}","{'batch_size': 32, 'num_epochs': 25}","{'max_memory_usage_ratio': 1.0, 'max_time_limit_ratio': 1.0, 'max_time_limit': None, 'min_time_limit': 0, 'valid_raw_types': ['bool', 'int', 'float', 'category'], 'valid_special_types': None, 'ignored_type_group_special': ['text_ngram', 'text_as_category'], 'ignored_type_group_raw': None, 'get_features_kwargs': None, 'get_features_kwargs_extra': None, 'predict_1_batch_size': None, 'temperature_scalar': None}","['dm-genero', 'dm-edad', 'CC-p1-Pd', 'FR-p1-Pd', 'St-p2-Pd', 'St-p1-Pd', 'Tv-08-Pd', 'Tv-11-Pd']",,,,,[],[]
7,LightGBM_r188,0.9487179487179487,0.6666666666666666,0.5,0.7142857142857143,0.875,0.9487179487179487,0.8666666666666667,1.0,0.3333333333333333,-0.35066180343624254,0.22734914148982782,0.967266775777414,roc_auc,0.006903171539306641,0.0013082027435302734,0.9631526470184326,0.006903171539306641,0.0013082027435302734,0.9631526470184326,1,True,27,8,1,1,1086158,1086158,1086158,1086158,0,0,LGBModel,,log_loss,"{'learning_rate': 0.033929021353492905, 'extra_trees': True, 'feature_fraction': 0.8282601210460099, 'min_data_in_leaf': 6, 'num_leaves': 127}",{'num_boost_round': 909},"{'max_memory_usage_ratio': 1.0, 'max_time_limit_ratio': 1.0, 'max_time_limit': None, 'min_time_limit': 0, 'valid_raw_types': ['bool', 'int', 'float', 'category'], 'valid_special_types': None, 'ignored_type_group_special': None, 'ignored_type_group_raw': None, 'get_features_kwargs': None, 'get_features_kwargs_extra': None, 'predict_1_batch_size': None, 'temperature_scalar': None}","['dm-genero', 'dm-edad', 'CC-p1-Pd', 'FR-p1-Pd', 'St-p2-Pd', 'St-p1-Pd', 'Tv-08-Pd', 'Tv-11-Pd']",,,,,[],[]
8,LightGBM_r143,0.9487179487179487,0.6666666666666666,0.5,0.7142857142857143,0.875,0.9487179487179487,0.8666666666666667,1.0,0.3333333333333333,-0.316308063270957,0.2916447313989724,0.9770867430441899,roc_auc,0.00805211067199707,0.00116729736328125,0.7281560897827148,0.00805211067199707,0.00116729736328125,0.7281560897827148,1,True,57,8,1,1,900837,900837,900837,900837,0,0,LGBModel,,log_loss,"{'learning_rate': 0.01343464462043561, 'extra_trees': False, 'feature_fraction': 0.9408897917880529, 'min_data_in_leaf': 21, 'num_leaves': 178}",{'num_boost_round': 773},"{'max_memory_usage_ratio': 1.0, 'max_time_limit_ratio': 1.0, 'max_time_limit': None, 'min_time_limit': 0, 'valid_raw_types': ['bool', 'int', 'float', 'category'], 'valid_special_types': None, 'ignored_type_group_special': None, 'ignored_type_group_raw': None, 'get_features_kwargs': None, 'get_features_kwargs_extra': None, 'predict_1_batch_size': None, 'temperature_scalar': None}","['dm-genero', 'dm-edad', 'CC-p1-Pd', 'FR-p1-Pd', 'St-p2-Pd', 'St-p1-Pd', 'Tv-08-Pd', 'Tv-11-Pd']",,,,,[],[]
9,NeuralNetTorch_r121,0.9487179487179487,0.6666666666666666,0.5,0.7142857142857143,0.875,0.9487179487179487,0.8055555555555556,1.0,0.3333333333333333,-0.8158387318027693,-0.45694329585285065,0.9803600654664485,roc_auc,0.013551950454711914,0.003726482391357422,1.1554179191589355,0.013551950454711914,0.003726482391357422,1.1554179191589355,1,True,92,8,1,1,1007728,1007728,1007728,1007728,0,0,TabularNeuralNetTorchModel,,roc_auc,"{'num_epochs': 1000, 'epochs_wo_improve': None, 'activation': 'relu', 'embedding_size_factor': 1.0, 'embed_exponent': 0.56, 'max_embedding_dim': 100, 'y_range': None, 'y_range_extend': 0.05, 'dropout_prob': 0.33926015213879396, 'optimizer': 'adam', 'learning_rate': 0.0029983839090226075, 'weight_decay': 0.00038926240517691234, 'proc.embed_min_categories': 4, 'proc.impute_strategy': 'median', 'proc.max_category_levels': 100, 'proc.skew_threshold': 0.99, 'use_ngram_features': False, 'num_layers': 5, 'hidden_size': 247, 'max_batch_size': 512, 'use_batchnorm': False, 'loss_function': 'auto'}","{'batch_size': 32, 'num_epochs': 31}","{'max_memory_usage_ratio': 1.0, 'max_time_limit_ratio': 1.0, 'max_time_limit': None, 'min_time_limit': 0, 'valid_raw_types': ['bool', 'int', 'float', 'category'], 'valid_special_types': None, 'ignored_type_group_special': ['text_ngram', 'text_as_category'], 'ignored_type_group_raw': None, 'get_features_kwargs': None, 'get_features_kwargs_extra': None, 'predict_1_batch_size': None, 'temperature_scalar': None}","['dm-genero', 'dm-edad', 'CC-p1-Pd', 'FR-p1-Pd', 'St-p2-Pd', 'St-p1-Pd', 'Tv-08-Pd', 'Tv-11-Pd']",,,,,[],[]
10,XGBoost_r22,0.9487179487179487,0.6666666666666666,0.5,0.7142857142857143,0.875,0.9487179487179487,0.8055555555555556,1.0,0.3333333333333333,-0.26888031003898955,0.3841185424125893,0.9639934533551555,roc_auc,0.01470041275024414,0.0017981529235839844,0.08356165885925293,0.01470041275024414,0.0017981529235839844,0.08356165885925293,1,True,83,8,1,1,449952,449952,449952,449952,0,0,XGBoostModel,,log_loss,"{'n_estimators': 10000, 'learning_rate': 0.07792091886639502, 'n_jobs': -1, 'proc.max_category_levels': 100, 'objective': 'binary:logistic', 'booster': 'gbtree', 'colsample_bytree': 0.6326947454697227, 'enable_categorical': False, 'max_depth': 6, 'min_child_weight': 1.0759464955561793}",{'n_estimators': 109},"{'max_memory_usage_ratio': 1.0, 'max_time_limit_ratio': 1.0, 'max_time_limit': None, 'min_time_limit': 0, 'valid_raw_types': ['bool', 'int', 'float', 'category'], 'valid_special_types': None, 'ignored_type_group_special': None, 'ignored_type_group_raw': None, 'get_features_kwargs': None, 'get_features_kwargs_extra': None, 'predict_1_batch_size': None, 'temperature_scalar': None}","['dm-genero', 'dm-edad', 'CC-p1-Pd', 'FR-p1-Pd', 'St-p2-Pd', 'St-p1-Pd', 'Tv-08-Pd', 'Tv-11-Pd']",,,,,[],[]
11,NeuralNetTorch,0.9487179487179487,0.6666666666666666,0.5,0.7142857142857143,0.875,0.9487179487179487,0.8055555555555556,1.0,0.3333333333333333,-0.7295454287752341,-0.35281884125306523,0.9819967266775776,roc_auc,0.018638134002685547,0.003192424774169922,0.9967155456542969,0.018638134002685547,0.003192424774169922,0.9967155456542969,1,True,12,8,1,1,219546,219546,219546,219546,0,0,TabularNeuralNetTorchModel,,roc_auc,"{'num_epochs': 1000, 'epochs_wo_improve': None, 'activation': 'relu', 'embedding_size_factor': 1.0, 'embed_exponent': 0.56, 'max_embedding_dim': 100, 'y_range': None, 'y_range_extend': 0.05, 'dropout_prob': 0.1, 'optimizer': 'adam', 'learning_rate': 0.0003, 'weight_decay': 1e-06, 'proc.embed_min_categories': 4, 'proc.impute_strategy': 'median', 'proc.max_category_levels': 100, 'proc.skew_threshold': 0.99, 'use_ngram_features': False, 'num_layers': 4, 'hidden_size': 128, 'max_batch_size': 512, 'use_batchnorm': False, 'loss_function': 'auto'}","{'batch_size': 32, 'num_epochs': 72}","{'max_memory_usage_ratio': 1.0, 'max_time_limit_ratio': 1.0, 'max_time_limit': None, 'min_time_limit': 0, 'valid_raw_types': ['bool', 'int', 'float', 'category'], 'valid_special_types': None, 'ignored_type_group_special': ['text_ngram', 'text_as_category'], 'ignored_type_group_raw': None, 'get_features_kwargs': None, 'get_features_kwargs_extra': None, 'predict_1_batch_size': None, 'temperature_scalar': None}","['dm-genero', 'dm-edad', 'CC-p1-Pd', 'FR-p1-Pd', 'St-p2-Pd', 'St-p1-Pd', 'Tv-08-Pd', 'Tv-11-Pd']",,,,,[],[]
12,XGBoost_r31,0.9487179487179487,0.6666666666666666,0.5,0.7142857142857143,0.875,0.9487179487179487,0.8055555555555556,1.0,0.3333333333333333,-0.24224816954527845,0.4380007059319369,0.972176759410802,roc_auc,0.020921945571899414,0.011594772338867188,0.2509331703186035,0.020921945571899414,0.011594772338867188,0.2509331703186035,1,True,77,8,1,1,1641422,1641422,1641422,1641422,0,0,XGBoostModel,,log_loss,"{'n_estimators': 10000, 'learning_rate': 0.009974712407899168, 'n_jobs': -1, 'proc.max_category_levels': 100, 'objective': 'binary:logistic', 'booster': 'gbtree', 'colsample_bytree': 0.7506621909633511, 'enable_categorical': False, 'max_depth': 4, 'min_child_weight': 0.9238550485581797}",{'n_estimators': 1084},"{'max_memory_usage_ratio': 1.0, 'max_time_limit_ratio': 1.0, 'max_time_limit': None, 'min_time_limit': 0, 'valid_raw_types': ['bool', 'int', 'float', 'category'], 'valid_special_types': None, 'ignored_type_group_special': None, 'ignored_type_group_raw': None, 'get_features_kwargs': None, 'get_features_kwargs_extra': None, 'predict_1_batch_size': None, 'temperature_scalar': None}","['dm-genero', 'dm-edad', 'CC-p1-Pd', 'FR-p1-Pd', 'St-p2-Pd', 'St-p1-Pd', 'Tv-08-Pd', 'Tv-11-Pd']",,,,,[],[]
13,XGBoost_r89,0.9487179487179487,0.6666666666666666,0.5,0.7142857142857143,0.875,0.9487179487179487,0.8055555555555556,1.0,0.3333333333333333,-0.231646510468288,0.4598525525202036,0.9639934533551555,roc_auc,0.03382754325866699,0.002724170684814453,0.1622600555419922,0.03382754325866699,0.002724170684814453,0.1622600555419922,1,True,29,8,1,1,489279,489279,489279,489279,0,0,XGBoostModel,,log_loss,"{'n_estimators': 10000, 'learning_rate': 0.08775715546881824, 'n_jobs': -1, 'proc.max_category_levels': 100, 'objective': 'binary:logistic', 'booster': 'gbtree', 'colsample_bytree': 0.6628423832084077, 'enable_categorical': False, 'max_depth': 5, 'min_child_weight': 0.6294123374222513}",{'n_estimators': 129},"{'max_memory_usage_ratio': 1.0, 'max_time_limit_ratio': 1.0, 'max_time_limit': None, 'min_time_limit': 0, 'valid_raw_types': ['bool', 'int', 'float', 'category'], 'valid_special_types': None, 'ignored_type_group_special': None, 'ignored_type_group_raw': None, 'get_features_kwargs': None, 'get_features_kwargs_extra': None, 'predict_1_batch_size': None, 'temperature_scalar': None}","['dm-genero', 'dm-edad', 'CC-p1-Pd', 'FR-p1-Pd', 'St-p2-Pd', 'St-p1-Pd', 'Tv-08-Pd', 'Tv-11-Pd']",,,,,[],[]
14,XGBoost_r49,0.9487179487179487,0.6666666666666666,0.5,0.7142857142857143,0.875,0.9487179487179487,0.8055555555555556,1.0,0.3333333333333333,-0.28479785464975643,0.35259254797069134,0.9705400981996727,roc_auc,0.03427934646606445,0.0018413066864013672,0.1167600154876709,0.03427934646606445,0.0018413066864013672,0.1167600154876709,1,True,70,8,1,1,681382,681382,681382,681382,0,0,XGBoostModel,,log_loss,"{'n_estimators': 10000, 'learning_rate': 0.038404229910104046, 'n_jobs': -1, 'proc.max_category_levels': 100, 'objective': 'binary:logistic', 'booster': 'gbtree', 'colsample_bytree': 0.7452294043087835, 'enable_categorical': False, 'max_depth': 7, 'min_child_weight': 0.5564183327139662}",{'n_estimators': 197},"{'max_memory_usage_ratio': 1.0, 'max_time_limit_ratio': 1.0, 'max_time_limit': None, 'min_time_limit': 0, 'valid_raw_types': ['bool', 'int', 'float', 'category'], 'valid_special_types': None, 'ignored_type_group_special': None, 'ignored_type_group_raw': None, 'get_features_kwargs': None, 'get_features_kwargs_extra': None, 'predict_1_batch_size': None, 'temperature_scalar': None}","['dm-genero', 'dm-edad', 'CC-p1-Pd', 'FR-p1-Pd', 'St-p2-Pd', 'St-p1-Pd', 'Tv-08-Pd', 'Tv-11-Pd']",,,,,[],[]
15,XGBoost_r98,0.9487179487179487,0.6666666666666666,0.5,0.7142857142857143,0.875,0.9487179487179487,0.8055555555555556,1.0,0.3333333333333333,-0.2823372245006525,0.35743320306985993,0.972176759410802,roc_auc,0.034837961196899414,0.013975143432617188,0.5019395351409912,0.034837961196899414,0.013975143432617188,0.5019395351409912,1,True,49,8,1,1,2761027,2761027,2761027,2761027,0,0,XGBoostModel,,log_loss,"{'n_estimators': 10000, 'learning_rate': 0.007158072983547058, 'n_jobs': -1, 'proc.max_category_levels': 100, 'objective': 'binary:logistic', 'booster': 'gbtree', 'colsample_bytree': 0.516652313273348, 'enable_categorical': True, 'max_depth': 9, 'min_child_weight': 0.8567068904025429}",{'n_estimators': 1537},"{'max_memory_usage_ratio': 1.0, 'max_time_limit_ratio': 1.0, 'max_time_limit': None, 'min_time_limit': 0, 'valid_raw_types': ['bool', 'int', 'float', 'category'], 'valid_special_types': None, 'ignored_type_group_special': None, 'ignored_type_group_raw': None, 'get_features_kwargs': None, 'get_features_kwargs_extra': None, 'predict_1_batch_size': None, 'temperature_scalar': None}","['dm-genero', 'dm-edad', 'CC-p1-Pd', 'FR-p1-Pd', 'St-p2-Pd', 'St-p1-Pd', 'Tv-08-Pd', 'Tv-11-Pd']",,,,,[],[]
16,XGBoost_r33,0.9487179487179487,0.6666666666666666,0.5,0.7142857142857143,0.875,0.9487179487179487,0.8055555555555556,1.0,0.3333333333333333,-0.3067093962089912,0.3100077375997363,0.9705400981996727,roc_auc,0.03760671615600586,0.01872396469116211,0.36790990829467773,0.03760671615600586,0.01872396469116211,0.36790990829467773,1,True,21,8,1,1,1266340,1266340,1266340,1266340,0,0,XGBoostModel,,log_loss,"{'n_estimators': 10000, 'learning_rate': 0.018063876087523967, 'n_jobs': -1, 'proc.max_category_levels': 100, 'objective': 'binary:logistic', 'booster': 'gbtree', 'colsample_bytree': 0.6917311125174739, 'enable_categorical': False, 'max_depth': 10, 'min_child_weight': 0.6028633586934382}",{'n_estimators': 591},"{'max_memory_usage_ratio': 1.0, 'max_time_limit_ratio': 1.0, 'max_time_limit': None, 'min_time_limit': 0, 'valid_raw_types': ['bool', 'int', 'float', 'category'], 'valid_special_types': None, 'ignored_type_group_special': None, 'ignored_type_group_raw': None, 'get_features_kwargs': None, 'get_features_kwargs_extra': None, 'predict_1_batch_size': None, 'temperature_scalar': None}","['dm-genero', 'dm-edad', 'CC-p1-Pd', 'FR-p1-Pd', 'St-p2-Pd', 'St-p1-Pd', 'Tv-08-Pd', 'Tv-11-Pd']",,,,,[],[]
17,XGBoost_r194,0.9487179487179487,0.6666666666666666,0.5,0.7142857142857143,0.875,0.9487179487179487,0.8055555555555556,1.0,0.3333333333333333,-0.30992910074443447,0.3038285025562931,0.9672667757774142,roc_auc,0.038651227951049805,0.0051174163818359375,0.15516018867492676,0.038651227951049805,0.0051174163818359375,0.15516018867492676,1,True,35,8,1,1,410628,410628,410628,410628,0,0,XGBoostModel,,log_loss,"{'n_estimators': 10000, 'learning_rate': 0.09290221350439203, 'n_jobs': -1, 'proc.max_category_levels': 100, 'objective': 'binary:logistic', 'booster': 'gbtree', 'colsample_bytree': 0.9090166528779192, 'enable_categorical': True, 'max_depth': 7, 'min_child_weight': 0.8041986915994078}",{'n_estimators': 69},"{'max_memory_usage_ratio': 1.0, 'max_time_limit_ratio': 1.0, 'max_time_limit': None, 'min_time_limit': 0, 'valid_raw_types': ['bool', 'int', 'float', 'category'], 'valid_special_types': None, 'ignored_type_group_special': None, 'ignored_type_group_raw': None, 'get_features_kwargs': None, 'get_features_kwargs_extra': None, 'predict_1_batch_size': None, 'temperature_scalar': None}","['dm-genero', 'dm-edad', 'CC-p1-Pd', 'FR-p1-Pd', 'St-p2-Pd', 'St-p1-Pd', 'Tv-08-Pd', 'Tv-11-Pd']",,,,,[],[]
18,RandomForest_r16,0.9487179487179487,0.6666666666666666,0.5,0.7142857142857143,0.875,0.9487179487179487,0.8055555555555556,1.0,0.3333333333333333,-0.2938833650601659,0.33482152513018465,0.9639934533551555,roc_auc,0.057457923889160156,0.05715298652648926,0.8505592346191406,0.057457923889160156,0.05715298652648926,0.8505592346191406,1,True,94,8,1,1,1139805,1139805,1139805,1139805,0,0,RFModel,,log_loss,"{'n_estimators': 300, 'max_leaf_nodes': 48136, 'n_jobs': -1, 'random_state': 0, 'bootstrap': True, 'max_features': 1.0, 'min_samples_leaf': 1}",{'n_estimators': 300},"{'max_memory_usage_ratio': 1.0, 'max_time_limit_ratio': 1.0, 'max_time_limit': None, 'min_time_limit': 0, 'valid_raw_types': ['bool', 'int', 'float', 'category'], 'valid_special_types': None, 'ignored_type_group_special': None, 'ignored_type_group_raw': None, 'get_features_kwargs': None, 'get_features_kwargs_extra': None, 'predict_1_batch_size': None, 'temperature_scalar': None}","['dm-genero', 'dm-edad', 'CC-p1-Pd', 'FR-p1-Pd', 'St-p2-Pd', 'St-p1-Pd', 'Tv-08-Pd', 'Tv-11-Pd']",,,,,[],[]
19,NeuralNetFastAI_r160,0.9230769230769231,0.6282051282051282,0.4,0.6444444444444444,0.8125,0.9230769230769231,0.7555555555555555,0.5,0.3333333333333333,-0.39569220215590056,0.1463480053667523,0.9590834697217675,roc_auc,0.012132644653320312,0.003451108932495117,0.18892550468444824,0.012132644653320312,0.003451108932495117,0.18892550468444824,1,True,79,8,1,1,463763,463763,463763,463763,0,0,NNFastAiTabularModel,,log_loss,"{'layers': [400, 200, 100], 'emb_drop': 0.3171659718142149, 'ps': 0.5909644730871169, 'bs': 128, 'lr': 0.03087210106068273, 'epochs': 20, 'early.stopping.min_delta': 0.0001, 'early.stopping.patience': 20, 'smoothing': 0.0}","{'epochs': 20, 'best_epoch': 19}","{'max_memory_usage_ratio': 1.0, 'max_time_limit_ratio': 1.0, 'max_time_limit': None, 'min_time_limit': 0, 'valid_raw_types': ['bool', 'int', 'float', 'category'], 'valid_special_types': None, 'ignored_type_group_special': ['text_ngram', 'text_as_category'], 'ignored_type_group_raw': None, 'get_features_kwargs': None, 'get_features_kwargs_extra': None, 'predict_1_batch_size': None, 'temperature_scalar': None}","['dm-genero', 'dm-edad', 'CC-p1-Pd', 'FR-p1-Pd', 'St-p2-Pd', 'St-p1-Pd', 'Tv-08-Pd', 'Tv-11-Pd']",,,,,[],[]
20,XGBoost_r34,0.9230769230769231,0.6666666666666666,0.5,0.7142857142857143,0.875,0.9230769230769231,0.7555555555555555,1.0,0.3333333333333333,-0.3019479931671411,0.3191822340585582,0.9738134206219312,roc_auc,0.023914337158203125,0.0018677711486816406,0.1488513946533203,0.023914337158203125,0.0018677711486816406,0.1488513946533203,1,True,107,8,1,1,766601,766601,766601,766601,0,0,XGBoostModel,,log_loss,"{'n_estimators': 10000, 'learning_rate': 0.029357102578825213, 'n_jobs': -1, 'proc.max_category_levels': 100, 'objective': 'binary:logistic', 'booster': 'gbtree', 'colsample_bytree': 0.546186944730449, 'enable_categorical': False, 'max_depth': 10, 'min_child_weight': 1.1532008198571337}",{'n_estimators': 328},"{'max_memory_usage_ratio': 1.0, 'max_time_limit_ratio': 1.0, 'max_time_limit': None, 'min_time_limit': 0, 'valid_raw_types': ['bool', 'int', 'float', 'category'], 'valid_special_types': None, 'ignored_type_group_special': None, 'ignored_type_group_raw': None, 'get_features_kwargs': None, 'get_features_kwargs_extra': None, 'predict_1_batch_size': None, 'temperature_scalar': None}","['dm-genero', 'dm-edad', 'CC-p1-Pd', 'FR-p1-Pd', 'St-p2-Pd', 'St-p1-Pd', 'Tv-08-Pd', 'Tv-11-Pd']",,,,,[],[]
21,XGBoost_r95,0.9230769230769231,0.6666666666666666,0.5,0.7142857142857143,0.875,0.9230769230769231,0.7555555555555555,1.0,0.3333333333333333,-0.2636366052760203,0.3946143357665042,0.9689034369885434,roc_auc,0.027773141860961914,0.0017752647399902344,0.09151506423950195,0.027773141860961914,0.0017752647399902344,0.09151506423950195,1,True,106,8,1,1,416787,416787,416787,416787,0,0,XGBoostModel,,log_loss,"{'n_estimators': 10000, 'learning_rate': 0.06634196266155237, 'n_jobs': -1, 'proc.max_category_levels': 100, 'objective': 'binary:logistic', 'booster': 'gbtree', 'colsample_bytree': 0.975937238416368, 'enable_categorical': False, 'max_depth': 5, 'min_child_weight': 1.4088437184127383}",{'n_estimators': 90},"{'max_memory_usage_ratio': 1.0, 'max_time_limit_ratio': 1.0, 'max_time_limit': None, 'min_time_limit': 0, 'valid_raw_types': ['bool', 'int', 'float', 'category'], 'valid_special_types': None, 'ignored_type_group_special': None, 'ignored_type_group_raw': None, 'get_features_kwargs': None, 'get_features_kwargs_extra': None, 'predict_1_batch_size': None, 'temperature_scalar': None}","['dm-genero', 'dm-edad', 'CC-p1-Pd', 'FR-p1-Pd', 'St-p2-Pd', 'St-p1-Pd', 'Tv-08-Pd', 'Tv-11-Pd']",,,,,[],[]
22,XGBoost,0.9230769230769231,0.6666666666666666,0.5,0.7142857142857143,0.875,0.9230769230769231,0.7555555555555555,1.0,0.3333333333333333,-0.31749465223212847,0.28938703578515573,0.9705400981996726,roc_auc,0.04168963432312012,0.002709627151489258,0.1421053409576416,0.04168963432312012,0.002709627151489258,0.1421053409576416,1,True,11,8,1,1,383736,383736,383736,383736,0,0,XGBoostModel,,log_loss,"{'n_estimators': 10000, 'learning_rate': 0.1, 'n_jobs': -1, 'proc.max_category_levels': 100, 'objective': 'binary:logistic', 'booster': 'gbtree'}",{'n_estimators': 61},"{'max_memory_usage_ratio': 1.0, 'max_time_limit_ratio': 1.0, 'max_time_limit': None, 'min_time_limit': 0, 'valid_raw_types': ['bool', 'int', 'float', 'category'], 'valid_special_types': None, 'ignored_type_group_special': None, 'ignored_type_group_raw': None, 'get_features_kwargs': None, 'get_features_kwargs_extra': None, 'predict_1_batch_size': None, 'temperature_scalar': None}","['dm-genero', 'dm-edad', 'CC-p1-Pd', 'FR-p1-Pd', 'St-p2-Pd', 'St-p1-Pd', 'Tv-08-Pd', 'Tv-11-Pd']",,,,,[],[]
23,RandomForest_r195,0.9230769230769231,0.6666666666666666,0.5,0.7142857142857143,0.875,0.9230769230769231,0.7555555555555555,1.0,0.3333333333333333,-0.30751358504117177,0.3084623838778653,0.967266775777414,roc_auc,0.06937527656555176,0.05669236183166504,0.7865810394287109,0.06937527656555176,0.05669236183166504,0.7865810394287109,1,True,26,8,1,1,1192447,1192447,1192447,1192447,0,0,RFModel,,log_loss,"{'n_estimators': 300, 'max_leaf_nodes': 37308, 'n_jobs': -1, 'random_state': 0, 'bootstrap': True, 'max_features': 0.75, 'min_samples_leaf': 1}",{'n_estimators': 300},"{'max_memory_usage_ratio': 1.0, 'max_time_limit_ratio': 1.0, 'max_time_limit': None, 'min_time_limit': 0, 'valid_raw_types': ['bool', 'int', 'float', 'category'], 'valid_special_types': None, 'ignored_type_group_special': None, 'ignored_type_group_raw': None, 'get_features_kwargs': None, 'get_features_kwargs_extra': None, 'predict_1_batch_size': None, 'temperature_scalar': None}","['dm-genero', 'dm-edad', 'CC-p1-Pd', 'FR-p1-Pd', 'St-p2-Pd', 'St-p1-Pd', 'Tv-08-Pd', 'Tv-11-Pd']",,,,,[],[]
24,CatBoost_r180,0.9230769230769229,0.6666666666666666,0.5,0.7142857142857143,0.875,0.9230769230769229,0.8333333333333333,1.0,0.3333333333333333,-0.29475974269324334,0.3331159528713055,0.9754500818330606,roc_auc,0.0020105838775634766,0.0009963512420654297,0.4298362731933594,0.0020105838775634766,0.0009963512420654297,0.4298362731933594,1,True,89,8,1,1,374560,374560,374560,374560,0,0,CatBoostModel,,log_loss,"{'iterations': 10000, 'learning_rate': 0.055406199833457785, 'random_seed': 0, 'allow_writing_files': False, 'eval_metric': 'Logloss', 'depth': 7, 'grow_policy': 'Depthwise', 'l2_leaf_reg': 4.43335055453705, 'max_ctr_complexity': 5, 'one_hot_max_size': 10}",{'iterations': 113},"{'max_memory_usage_ratio': 1.0, 'max_time_limit_ratio': 1.0, 'max_time_limit': None, 'min_time_limit': 0, 'valid_raw_types': ['bool', 'int', 'float', 'category'], 'valid_special_types': None, 'ignored_type_group_special': None, 'ignored_type_group_raw': None, 'get_features_kwargs': None, 'get_features_kwargs_extra': None, 'predict_1_batch_size': None, 'temperature_scalar': None}","['dm-genero', 'dm-edad', 'CC-p1-Pd', 'FR-p1-Pd', 'St-p2-Pd', 'St-p1-Pd', 'Tv-08-Pd', 'Tv-11-Pd']",,,,,[],[]
25,CatBoost_r163,0.9230769230769229,0.6666666666666666,0.5,0.7142857142857143,0.875,0.9230769230769229,0.8333333333333333,1.0,0.3333333333333333,-0.2842546032992613,0.3536602044413079,0.9803600654664485,roc_auc,0.002020597457885742,0.0008499622344970703,0.20311188697814941,0.002020597457885742,0.0008499622344970703,0.20311188697814941,1,True,102,8,1,1,95684,95684,95684,95684,0,0,CatBoostModel,,log_loss,"{'iterations': 10000, 'learning_rate': 0.09328642499990342, 'random_seed': 0, 'allow_writing_files': False, 'eval_metric': 'Logloss', 'depth': 5, 'grow_policy': 'SymmetricTree', 'l2_leaf_reg': 3.7454481983750014, 'max_ctr_complexity': 1, 'one_hot_max_size': 2}",{'iterations': 109},"{'max_memory_usage_ratio': 1.0, 'max_time_limit_ratio': 1.0, 'max_time_limit': None, 'min_time_limit': 0, 'valid_raw_types': ['bool', 'int', 'float', 'category'], 'valid_special_types': None, 'ignored_type_group_special': None, 'ignored_type_group_raw': None, 'get_features_kwargs': None, 'get_features_kwargs_extra': None, 'predict_1_batch_size': None, 'temperature_scalar': None}","['dm-genero', 'dm-edad', 'CC-p1-Pd', 'FR-p1-Pd', 'St-p2-Pd', 'St-p1-Pd', 'Tv-08-Pd', 'Tv-11-Pd']",,,,,[],[]
26,CatBoost_r60,0.9230769230769229,0.6666666666666666,0.5,0.7142857142857143,0.875,0.9230769230769229,0.8333333333333333,1.0,0.3333333333333333,-0.306662007418293,0.3100988239400179,0.9803600654664485,roc_auc,0.002083301544189453,0.0008695125579833984,0.27649521827697754,0.002083301544189453,0.0008695125579833984,0.27649521827697754,1,True,80,8,1,1,171066,171066,171066,171066,0,0,CatBoostModel,,log_loss,"{'iterations': 10000, 'learning_rate': 0.05291587380674719, 'random_seed': 0, 'allow_writing_files': False, 'eval_metric': 'Logloss', 'depth': 5, 'grow_policy': 'SymmetricTree', 'l2_leaf_reg': 3.3217885487525205, 'max_ctr_complexity': 5, 'one_hot_max_size': 3}",{'iterations': 231},"{'max_memory_usage_ratio': 1.0, 'max_time_limit_ratio': 1.0, 'max_time_limit': None, 'min_time_limit': 0, 'valid_raw_types': ['bool', 'int', 'float', 'category'], 'valid_special_types': None, 'ignored_type_group_special': None, 'ignored_type_group_raw': None, 'get_features_kwargs': None, 'get_features_kwargs_extra': None, 'predict_1_batch_size': None, 'temperature_scalar': None}","['dm-genero', 'dm-edad', 'CC-p1-Pd', 'FR-p1-Pd', 'St-p2-Pd', 'St-p1-Pd', 'Tv-08-Pd', 'Tv-11-Pd']",,,,,[],[]
27,LightGBM_r130,0.9230769230769229,0.8333333333333333,0.8,0.8814814814814815,0.9375,0.9230769230769229,0.8333333333333333,1.0,0.6666666666666666,-0.20008049096394737,0.5263043195921159,0.9656301145662848,roc_auc,0.005849361419677734,0.0013184547424316406,0.6987180709838867,0.005849361419677734,0.0013184547424316406,0.6987180709838867,1,True,31,8,1,1,857087,857087,857087,857087,0,0,LGBModel,,log_loss,"{'learning_rate': 0.04711573688184715, 'extra_trees': False, 'feature_fraction': 0.6245777099925497, 'min_data_in_leaf': 56, 'num_leaves': 89}",{'num_boost_round': 1658},"{'max_memory_usage_ratio': 1.0, 'max_time_limit_ratio': 1.0, 'max_time_limit': None, 'min_time_limit': 0, 'valid_raw_types': ['bool', 'int', 'float', 'category'], 'valid_special_types': None, 'ignored_type_group_special': None, 'ignored_type_group_raw': None, 'get_features_kwargs': None, 'get_features_kwargs_extra': None, 'predict_1_batch_size': None, 'temperature_scalar': None}","['dm-genero', 'dm-edad', 'CC-p1-Pd', 'FR-p1-Pd', 'St-p2-Pd', 'St-p1-Pd', 'Tv-08-Pd', 'Tv-11-Pd']",,,,,[],[]
28,NeuralNetFastAI_r11,0.8974358974358975,0.6666666666666666,0.5,0.7142857142857143,0.875,0.8974358974358975,0.7,1.0,0.3333333333333333,-0.7324142633610148,-0.35642687239866283,0.9819967266775778,roc_auc,0.006098031997680664,0.006890296936035156,0.471146821975708,0.006098031997680664,0.006890296936035156,0.471146821975708,1,True,34,8,1,1,1364538,1364538,1364538,1364538,0,0,NNFastAiTabularModel,,log_loss,"{'layers': [800, 400], 'emb_drop': 0.026897798530914306, 'ps': 0.4569532219038436, 'bs': 128, 'lr': 0.08045277634470181, 'epochs': 31, 'early.stopping.min_delta': 0.0001, 'early.stopping.patience': 20, 'smoothing': 0.0}","{'epochs': 31, 'best_epoch': 10}","{'max_memory_usage_ratio': 1.0, 'max_time_limit_ratio': 1.0, 'max_time_limit': None, 'min_time_limit': 0, 'valid_raw_types': ['bool', 'int', 'float', 'category'], 'valid_special_types': None, 'ignored_type_group_special': ['text_ngram', 'text_as_category'], 'ignored_type_group_raw': None, 'get_features_kwargs': None, 'get_features_kwargs_extra': None, 'predict_1_batch_size': None, 'temperature_scalar': None}","['dm-genero', 'dm-edad', 'CC-p1-Pd', 'FR-p1-Pd', 'St-p2-Pd', 'St-p1-Pd', 'Tv-08-Pd', 'Tv-11-Pd']",,,,,[],[]
29,LightGBM_r15,0.8974358974358975,0.6666666666666666,0.5,0.7142857142857143,0.875,0.8974358974358975,0.7,1.0,0.3333333333333333,-0.3516146354651183,0.22559716969350613,0.9574468085106383,roc_auc,0.007452249526977539,0.0009682178497314453,0.7363717555999756,0.007452249526977539,0.0009682178497314453,0.7363717555999756,1,True,50,8,1,1,533002,533002,533002,533002,0,0,LGBModel,,log_loss,"{'learning_rate': 0.018603888565740096, 'extra_trees': False, 'feature_fraction': 0.7421180622507277, 'min_data_in_leaf': 6, 'num_leaves': 22}",{'num_boost_round': 217},"{'max_memory_usage_ratio': 1.0, 'max_time_limit_ratio': 1.0, 'max_time_limit': None, 'min_time_limit': 0, 'valid_raw_types': ['bool', 'int', 'float', 'category'], 'valid_special_types': None, 'ignored_type_group_special': None, 'ignored_type_group_raw': None, 'get_features_kwargs': None, 'get_features_kwargs_extra': None, 'predict_1_batch_size': None, 'temperature_scalar': None}","['dm-genero', 'dm-edad', 'CC-p1-Pd', 'FR-p1-Pd', 'St-p2-Pd', 'St-p1-Pd', 'Tv-08-Pd', 'Tv-11-Pd']",,,,,[],[]
30,CatBoost_r143,0.8974358974358974,0.6666666666666666,0.5,0.7142857142857143,0.875,0.8974358974358974,0.8095238095238095,1.0,0.3333333333333333,-0.3776783787699306,0.17831432830491745,0.9754500818330606,roc_auc,0.001603841781616211,0.0008771419525146484,0.2624673843383789,0.001603841781616211,0.0008771419525146484,0.2624673843383789,1,True,74,8,1,1,322180,322180,322180,322180,0,0,CatBoostModel,,log_loss,"{'iterations': 10000, 'learning_rate': 0.06566144806528762, 'random_seed': 0, 'allow_writing_files': False, 'eval_metric': 'Logloss', 'depth': 7, 'grow_policy': 'SymmetricTree', 'l2_leaf_reg': 1.6761016245166451, 'max_ctr_complexity': 2, 'one_hot_max_size': 10}",{'iterations': 136},"{'max_memory_usage_ratio': 1.0, 'max_time_limit_ratio': 1.0, 'max_time_limit': None, 'min_time_limit': 0, 'valid_raw_types': ['bool', 'int', 'float', 'category'], 'valid_special_types': None, 'ignored_type_group_special': None, 'ignored_type_group_raw': None, 'get_features_kwargs': None, 'get_features_kwargs_extra': None, 'predict_1_batch_size': None, 'temperature_scalar': None}","['dm-genero', 'dm-edad', 'CC-p1-Pd', 'FR-p1-Pd', 'St-p2-Pd', 'St-p1-Pd', 'Tv-08-Pd', 'Tv-11-Pd']",,,,,[],[]
31,CatBoost_r9,0.8974358974358974,0.6666666666666666,0.5,0.7142857142857143,0.875,0.8974358974358974,0.7222222222222223,1.0,0.3333333333333333,-0.33239312350155314,0.2612653349226016,0.9738134206219312,roc_auc,0.0016865730285644531,0.0011754035949707031,0.6836650371551514,0.0016865730285644531,0.0011754035949707031,0.6836650371551514,1,True,18,8,1,1,878460,878460,878460,878460,0,0,CatBoostModel,,log_loss,"{'iterations': 10000, 'learning_rate': 0.031375015734637225, 'random_seed': 0, 'allow_writing_files': False, 'eval_metric': 'Logloss', 'depth': 8, 'grow_policy': 'Depthwise', 'l2_leaf_reg': 2.7997999596449104, 'max_ctr_complexity': 2, 'one_hot_max_size': 3}",{'iterations': 194},"{'max_memory_usage_ratio': 1.0, 'max_time_limit_ratio': 1.0, 'max_time_limit': None, 'min_time_limit': 0, 'valid_raw_types': ['bool', 'int', 'float', 'category'], 'valid_special_types': None, 'ignored_type_group_special': None, 'ignored_type_group_raw': None, 'get_features_kwargs': None, 'get_features_kwargs_extra': None, 'predict_1_batch_size': None, 'temperature_scalar': None}","['dm-genero', 'dm-edad', 'CC-p1-Pd', 'FR-p1-Pd', 'St-p2-Pd', 'St-p1-Pd', 'Tv-08-Pd', 'Tv-11-Pd']",,,,,[],[]
32,CatBoost_r198,0.8974358974358974,0.6666666666666666,0.5,0.7142857142857143,0.875,0.8974358974358974,0.8095238095238095,1.0,0.3333333333333333,-0.3170516780548711,0.290229389803828,0.9787234042553191,roc_auc,0.0017924308776855469,0.0008547306060791016,0.28837156295776367,0.0017924308776855469,0.0008547306060791016,0.28837156295776367,1,True,103,8,1,1,278324,278324,278324,278324,0,0,CatBoostModel,,log_loss,"{'iterations': 10000, 'learning_rate': 0.04387418552563314, 'random_seed': 0, 'allow_writing_files': False, 'eval_metric': 'Logloss', 'depth': 6, 'grow_policy': 'SymmetricTree', 'l2_leaf_reg': 3.637071465711953, 'max_ctr_complexity': 4, 'one_hot_max_size': 5}",{'iterations': 223},"{'max_memory_usage_ratio': 1.0, 'max_time_limit_ratio': 1.0, 'max_time_limit': None, 'min_time_limit': 0, 'valid_raw_types': ['bool', 'int', 'float', 'category'], 'valid_special_types': None, 'ignored_type_group_special': None, 'ignored_type_group_raw': None, 'get_features_kwargs': None, 'get_features_kwargs_extra': None, 'predict_1_batch_size': None, 'temperature_scalar': None}","['dm-genero', 'dm-edad', 'CC-p1-Pd', 'FR-p1-Pd', 'St-p2-Pd', 'St-p1-Pd', 'Tv-08-Pd', 'Tv-11-Pd']",,,,,[],[]
33,CatBoost_r69,0.8974358974358974,0.6666666666666666,0.5,0.7142857142857143,0.875,0.8974358974358974,0.8095238095238095,1.0,0.3333333333333333,-0.3610958675231606,0.20825433050389572,0.9803600654664485,roc_auc,0.0019109249114990234,0.0008540153503417969,0.2630913257598877,0.0019109249114990234,0.0008540153503417969,0.2630913257598877,1,True,37,8,1,1,157458,157458,157458,157458,0,0,CatBoostModel,,log_loss,"{'iterations': 10000, 'learning_rate': 0.050294288910022224, 'random_seed': 0, 'allow_writing_files': False, 'eval_metric': 'Logloss', 'depth': 5, 'grow_policy': 'SymmetricTree', 'l2_leaf_reg': 1.0457098345001241, 'max_ctr_complexity': 5, 'one_hot_max_size': 2}",{'iterations': 206},"{'max_memory_usage_ratio': 1.0, 'max_time_limit_ratio': 1.0, 'max_time_limit': None, 'min_time_limit': 0, 'valid_raw_types': ['bool', 'int', 'float', 'category'], 'valid_special_types': None, 'ignored_type_group_special': None, 'ignored_type_group_raw': None, 'get_features_kwargs': None, 'get_features_kwargs_extra': None, 'predict_1_batch_size': None, 'temperature_scalar': None}","['dm-genero', 'dm-edad', 'CC-p1-Pd', 'FR-p1-Pd', 'St-p2-Pd', 'St-p1-Pd', 'Tv-08-Pd', 'Tv-11-Pd']",,,,,[],[]
34,CatBoost_r128,0.8974358974358974,0.6666666666666666,0.5,0.7142857142857143,0.875,0.8974358974358974,0.7222222222222223,1.0,0.3333333333333333,-0.3369621142253355,0.2527245502671062,0.9803600654664485,roc_auc,0.002526998519897461,0.0010685920715332031,0.5908908843994141,0.002526998519897461,0.0010685920715332031,0.5908908843994141,1,True,63,8,1,1,631808,631808,631808,631808,0,0,CatBoostModel,,log_loss,"{'iterations': 10000, 'learning_rate': 0.036232951900213306, 'random_seed': 0, 'allow_writing_files': False, 'eval_metric': 'Logloss', 'depth': 8, 'grow_policy': 'Depthwise', 'l2_leaf_reg': 1.640921865280573, 'max_ctr_complexity': 3, 'one_hot_max_size': 5}",{'iterations': 140},"{'max_memory_usage_ratio': 1.0, 'max_time_limit_ratio': 1.0, 'max_time_limit': None, 'min_time_limit': 0, 'valid_raw_types': ['bool', 'int', 'float', 'category'], 'valid_special_types': None, 'ignored_type_group_special': None, 'ignored_type_group_raw': None, 'get_features_kwargs': None, 'get_features_kwargs_extra': None, 'predict_1_batch_size': None, 'temperature_scalar': None}","['dm-genero', 'dm-edad', 'CC-p1-Pd', 'FR-p1-Pd', 'St-p2-Pd', 'St-p1-Pd', 'Tv-08-Pd', 'Tv-11-Pd']",,,,,[],[]
35,CatBoost_r86,0.8974358974358974,0.6666666666666666,0.5,0.7142857142857143,0.875,0.8974358974358974,0.8095238095238095,1.0,0.3333333333333333,-0.3304228565346031,0.2649601705719719,0.9770867430441899,roc_auc,0.002609729766845703,0.0008747577667236328,0.3883206844329834,0.002609729766845703,0.0008747577667236328,0.3883206844329834,1,True,52,8,1,1,919370,919370,919370,919370,0,0,CatBoostModel,,log_loss,"{'iterations': 10000, 'learning_rate': 0.032899230324940465, 'random_seed': 0, 'allow_writing_files': False, 'eval_metric': 'Logloss', 'depth': 8, 'grow_policy': 'SymmetricTree', 'l2_leaf_reg': 1.6376578537958237, 'max_ctr_complexity': 3, 'one_hot_max_size': 2}",{'iterations': 224},"{'max_memory_usage_ratio': 1.0, 'max_time_limit_ratio': 1.0, 'max_time_limit': None, 'min_time_limit': 0, 'valid_raw_types': ['bool', 'int', 'float', 'category'], 'valid_special_types': None, 'ignored_type_group_special': None, 'ignored_type_group_raw': None, 'get_features_kwargs': None, 'get_features_kwargs_extra': None, 'predict_1_batch_size': None, 'temperature_scalar': None}","['dm-genero', 'dm-edad', 'CC-p1-Pd', 'FR-p1-Pd', 'St-p2-Pd', 'St-p1-Pd', 'Tv-08-Pd', 'Tv-11-Pd']",,,,,[],[]
36,CatBoost_r12,0.8974358974358974,0.6666666666666666,0.5,0.7142857142857143,0.875,0.8974358974358974,0.8095238095238095,1.0,0.3333333333333333,-0.327878689263002,0.26974228128832706,0.9770867430441899,roc_auc,0.004103899002075195,0.0009527206420898438,0.5213053226470947,0.004103899002075195,0.0009527206420898438,0.5213053226470947,1,True,96,8,1,1,924059,924059,924059,924059,0,0,CatBoostModel,,log_loss,"{'iterations': 10000, 'learning_rate': 0.03534026385152556, 'random_seed': 0, 'allow_writing_files': False, 'eval_metric': 'Logloss', 'depth': 7, 'grow_policy': 'SymmetricTree', 'l2_leaf_reg': 4.835797074498082, 'max_ctr_complexity': 5, 'one_hot_max_size': 10}",{'iterations': 426},"{'max_memory_usage_ratio': 1.0, 'max_time_limit_ratio': 1.0, 'max_time_limit': None, 'min_time_limit': 0, 'valid_raw_types': ['bool', 'int', 'float', 'category'], 'valid_special_types': None, 'ignored_type_group_special': None, 'ignored_type_group_raw': None, 'get_features_kwargs': None, 'get_features_kwargs_extra': None, 'predict_1_batch_size': None, 'temperature_scalar': None}","['dm-genero', 'dm-edad', 'CC-p1-Pd', 'FR-p1-Pd', 'St-p2-Pd', 'St-p1-Pd', 'Tv-08-Pd', 'Tv-11-Pd']",,,,,[],[]
37,LightGBM_r135,0.8974358974358974,0.8333333333333333,0.8,0.8814814814814815,0.9375,0.8974358974358974,0.8095238095238095,1.0,0.6666666666666666,-0.22428215160385523,0.4751687595643356,0.9639934533551554,roc_auc,0.006989955902099609,0.0014195442199707031,0.8618168830871582,0.006989955902099609,0.0014195442199707031,0.8618168830871582,1,True,82,8,1,1,1153714,1153714,1153714,1153714,0,0,LGBModel,,log_loss,"{'learning_rate': 0.031251656439648626, 'extra_trees': False, 'feature_fraction': 0.8254432681390782, 'min_data_in_leaf': 50, 'num_leaves': 210}",{'num_boost_round': 1995},"{'max_memory_usage_ratio': 1.0, 'max_time_limit_ratio': 1.0, 'max_time_limit': None, 'min_time_limit': 0, 'valid_raw_types': ['bool', 'int', 'float', 'category'], 'valid_special_types': None, 'ignored_type_group_special': None, 'ignored_type_group_raw': None, 'get_features_kwargs': None, 'get_features_kwargs_extra': None, 'predict_1_batch_size': None, 'temperature_scalar': None}","['dm-genero', 'dm-edad', 'CC-p1-Pd', 'FR-p1-Pd', 'St-p2-Pd', 'St-p1-Pd', 'Tv-08-Pd', 'Tv-11-Pd']",,,,,[],[]
38,LightGBM_r42,0.8974358974358974,0.7948717948717949,0.6666666666666666,0.7948717948717949,0.875,0.8974358974358974,0.8095238095238095,0.6666666666666666,0.6666666666666666,-0.3601856152958469,0.20991210189702025,0.972176759410802,roc_auc,0.007973909378051758,0.0010662078857421875,0.42838430404663086,0.007973909378051758,0.0010662078857421875,0.42838430404663086,1,True,108,8,1,1,402777,402777,402777,402777,0,0,LGBModel,,log_loss,"{'learning_rate': 0.07856777698860955, 'extra_trees': True, 'feature_fraction': 0.4601361323873807, 'min_data_in_leaf': 12, 'num_leaves': 198}",{'num_boost_round': 594},"{'max_memory_usage_ratio': 1.0, 'max_time_limit_ratio': 1.0, 'max_time_limit': None, 'min_time_limit': 0, 'valid_raw_types': ['bool', 'int', 'float', 'category'], 'valid_special_types': None, 'ignored_type_group_special': None, 'ignored_type_group_raw': None, 'get_features_kwargs': None, 'get_features_kwargs_extra': None, 'predict_1_batch_size': None, 'temperature_scalar': None}","['dm-genero', 'dm-edad', 'CC-p1-Pd', 'FR-p1-Pd', 'St-p2-Pd', 'St-p1-Pd', 'Tv-08-Pd', 'Tv-11-Pd']",,,,,[],[]
39,LightGBM_r96,0.8974358974358974,0.8333333333333333,0.8,0.8814814814814815,0.9375,0.8974358974358974,0.8095238095238095,1.0,0.6666666666666666,-0.2487300295407609,0.42475426080466455,0.9541734860883797,roc_auc,0.017791271209716797,0.0030355453491210938,1.9275033473968506,0.017791271209716797,0.0030355453491210938,1.9275033473968506,1,True,19,8,1,1,3918512,3918512,3918512,3918512,0,0,LGBModel,,log_loss,"{'learning_rate': 0.01518660230385841, 'extra_trees': True, 'feature_fraction': 0.5636931414546802, 'min_data_in_leaf': 48, 'num_leaves': 16}",{'num_boost_round': 9999},"{'max_memory_usage_ratio': 1.0, 'max_time_limit_ratio': 1.0, 'max_time_limit': None, 'min_time_limit': 0, 'valid_raw_types': ['bool', 'int', 'float', 'category'], 'valid_special_types': None, 'ignored_type_group_special': None, 'ignored_type_group_raw': None, 'get_features_kwargs': None, 'get_features_kwargs_extra': None, 'predict_1_batch_size': None, 'temperature_scalar': None}","['dm-genero', 'dm-edad', 'CC-p1-Pd', 'FR-p1-Pd', 'St-p2-Pd', 'St-p1-Pd', 'Tv-08-Pd', 'Tv-11-Pd']",,,,,[],[]
40,RandomForest_r15,0.8974358974358974,0.6666666666666666,0.5,0.7142857142857143,0.875,0.8974358974358974,0.7,1.0,0.3333333333333333,-0.275747423948676,0.3704560584797916,0.9672667757774142,roc_auc,0.05212092399597168,0.07406282424926758,0.7855455875396729,0.05212092399597168,0.07406282424926758,0.7855455875396729,1,True,81,8,1,1,853200,853200,853200,853200,0,0,RFModel,,log_loss,"{'n_estimators': 300, 'max_leaf_nodes': 36230, 'n_jobs': -1, 'random_state': 0, 'bootstrap': True, 'max_features': 0.75, 'min_samples_leaf': 3}",{'n_estimators': 300},"{'max_memory_usage_ratio': 1.0, 'max_time_limit_ratio': 1.0, 'max_time_limit': None, 'min_time_limit': 0, 'valid_raw_types': ['bool', 'int', 'float', 'category'], 'valid_special_types': None, 'ignored_type_group_special': None, 'ignored_type_group_raw': None, 'get_features_kwargs': None, 'get_features_kwargs_extra': None, 'predict_1_batch_size': None, 'temperature_scalar': None}","['dm-genero', 'dm-edad', 'CC-p1-Pd', 'FR-p1-Pd', 'St-p2-Pd', 'St-p1-Pd', 'Tv-08-Pd', 'Tv-11-Pd']",,,,,[],[]
41,RandomForest_r39,0.8974358974358974,0.6666666666666666,0.5,0.7142857142857143,0.875,0.8974358974358974,0.7,1.0,0.3333333333333333,-0.2817614165742654,0.35856765619001635,0.967266775777414,roc_auc,0.052229881286621094,0.061419010162353516,0.7465386390686035,0.052229881286621094,0.061419010162353516,0.7465386390686035,1,True,45,8,1,1,990338,990338,990338,990338,0,0,RFModel,,log_loss,"{'n_estimators': 300, 'max_leaf_nodes': 28310, 'n_jobs': -1, 'random_state': 0, 'bootstrap': True, 'max_features': 0.75, 'min_samples_leaf': 2}",{'n_estimators': 300},"{'max_memory_usage_ratio': 1.0, 'max_time_limit_ratio': 1.0, 'max_time_limit': None, 'min_time_limit': 0, 'valid_raw_types': ['bool', 'int', 'float', 'category'], 'valid_special_types': None, 'ignored_type_group_special': None, 'ignored_type_group_raw': None, 'get_features_kwargs': None, 'get_features_kwargs_extra': None, 'predict_1_batch_size': None, 'temperature_scalar': None}","['dm-genero', 'dm-edad', 'CC-p1-Pd', 'FR-p1-Pd', 'St-p2-Pd', 'St-p1-Pd', 'Tv-08-Pd', 'Tv-11-Pd']",,,,,[],[]
42,RandomForestGini,0.8974358974358974,0.6666666666666666,0.5,0.7142857142857143,0.875,0.8974358974358974,0.7222222222222222,1.0,0.3333333333333333,-0.33682487717266163,0.25298037053562356,0.9623567921440261,roc_auc,0.06719040870666504,0.06227231025695801,0.6971762180328369,0.06719040870666504,0.06227231025695801,0.6971762180328369,1,True,5,8,1,1,1606204,1606204,1606204,1606204,0,0,RFModel,,log_loss,"{'n_estimators': 300, 'max_leaf_nodes': 15000, 'n_jobs': -1, 'random_state': 0, 'bootstrap': True, 'criterion': 'gini'}",{'n_estimators': 300},"{'max_memory_usage_ratio': 1.0, 'max_time_limit_ratio': 1.0, 'max_time_limit': None, 'min_time_limit': 0, 'valid_raw_types': ['bool', 'int', 'float', 'category'], 'valid_special_types': None, 'ignored_type_group_special': None, 'ignored_type_group_raw': None, 'get_features_kwargs': None, 'get_features_kwargs_extra': None, 'predict_1_batch_size': None, 'temperature_scalar': None}","['dm-genero', 'dm-edad', 'CC-p1-Pd', 'FR-p1-Pd', 'St-p2-Pd', 'St-p1-Pd', 'Tv-08-Pd', 'Tv-11-Pd']",,,,,[],[]
43,RandomForest_r166,0.8846153846153846,0.6666666666666666,0.5,0.7142857142857143,0.875,0.8846153846153846,0.6666666666666667,1.0,0.3333333333333333,-0.3301083098528373,0.26555075260391714,0.9672667757774142,roc_auc,0.06208539009094238,0.06516599655151367,0.8128204345703125,0.06208539009094238,0.06516599655151367,0.8128204345703125,1,True,76,8,1,1,1396598,1396598,1396598,1396598,0,0,RFModel,,log_loss,"{'n_estimators': 300, 'max_leaf_nodes': 42644, 'n_jobs': -1, 'random_state': 0, 'bootstrap': True, 'max_features': 'log2', 'min_samples_leaf': 1}",{'n_estimators': 300},"{'max_memory_usage_ratio': 1.0, 'max_time_limit_ratio': 1.0, 'max_time_limit': None, 'min_time_limit': 0, 'valid_raw_types': ['bool', 'int', 'float', 'category'], 'valid_special_types': None, 'ignored_type_group_special': None, 'ignored_type_group_raw': None, 'get_features_kwargs': None, 'get_features_kwargs_extra': None, 'predict_1_batch_size': None, 'temperature_scalar': None}","['dm-genero', 'dm-edad', 'CC-p1-Pd', 'FR-p1-Pd', 'St-p2-Pd', 'St-p1-Pd', 'Tv-08-Pd', 'Tv-11-Pd']",,,,,[],[]
44,LightGBMLarge,0.8717948717948718,0.6666666666666666,0.5,0.7142857142857143,0.875,0.8717948717948718,0.6984126984126985,1.0,0.3333333333333333,-0.43478255254609166,0.07892947746268912,0.9623567921440263,roc_auc,0.002122640609741211,0.0010159015655517578,1.1791436672210693,0.002122640609741211,0.0010159015655517578,1.1791436672210693,1,True,13,8,1,1,800463,800463,800463,800463,0,0,LGBModel,,log_loss,"{'learning_rate': 0.03, 'num_leaves': 128, 'feature_fraction': 0.9, 'min_data_in_leaf': 3}",{'num_boost_round': 111},"{'max_memory_usage_ratio': 1.0, 'max_time_limit_ratio': 1.0, 'max_time_limit': None, 'min_time_limit': 0, 'valid_raw_types': ['bool', 'int', 'float', 'category'], 'valid_special_types': None, 'ignored_type_group_special': None, 'ignored_type_group_raw': None, 'get_features_kwargs': None, 'get_features_kwargs_extra': None, 'predict_1_batch_size': None, 'temperature_scalar': None}","['dm-genero', 'dm-edad', 'CC-p1-Pd', 'FR-p1-Pd', 'St-p2-Pd', 'St-p1-Pd', 'Tv-08-Pd', 'Tv-11-Pd']",,,,,[],[]
45,CatBoost_r5,0.8717948717948718,0.6666666666666666,0.5,0.7142857142857143,0.875,0.8717948717948718,0.6984126984126985,1.0,0.3333333333333333,-0.453416087183805,0.04770834978022924,0.9819967266775778,roc_auc,0.0028886795043945312,0.0008976459503173828,0.47220349311828613,0.0028886795043945312,0.0008976459503173828,0.47220349311828613,1,True,71,8,1,1,203761,203761,203761,203761,0,0,CatBoostModel,,log_loss,"{'iterations': 10000, 'learning_rate': 0.055078095725390575, 'random_seed': 0, 'allow_writing_files': False, 'eval_metric': 'Logloss', 'depth': 4, 'grow_policy': 'SymmetricTree', 'l2_leaf_reg': 2.894432181094842, 'max_ctr_complexity': 4, 'one_hot_max_size': 10}",{'iterations': 480},"{'max_memory_usage_ratio': 1.0, 'max_time_limit_ratio': 1.0, 'max_time_limit': None, 'min_time_limit': 0, 'valid_raw_types': ['bool', 'int', 'float', 'category'], 'valid_special_types': None, 'ignored_type_group_special': None, 'ignored_type_group_raw': None, 'get_features_kwargs': None, 'get_features_kwargs_extra': None, 'predict_1_batch_size': None, 'temperature_scalar': None}","['dm-genero', 'dm-edad', 'CC-p1-Pd', 'FR-p1-Pd', 'St-p2-Pd', 'St-p1-Pd', 'Tv-08-Pd', 'Tv-11-Pd']",,,,,[],[]
46,NeuralNetFastAI_r156,0.8717948717948718,0.6666666666666666,0.5,0.7142857142857143,0.875,0.8717948717948718,0.6984126984126985,1.0,0.3333333333333333,-0.50900092386138,-0.04204361454199955,0.9738134206219312,roc_auc,0.0073544979095458984,0.00432896614074707,1.0406310558319092,0.0073544979095458984,0.00432896614074707,1.0406310558319092,1,True,43,8,1,1,64731,64731,64731,64731,0,0,NNFastAiTabularModel,,log_loss,"{'layers': [400], 'emb_drop': 0.5055288166864152, 'ps': 0.06572612802222005, 'bs': 2048, 'lr': 0.0047762208542912405, 'epochs': 44, 'early.stopping.min_delta': 0.0001, 'early.stopping.patience': 20, 'smoothing': 0.0}","{'epochs': 44, 'best_epoch': 36}","{'max_memory_usage_ratio': 1.0, 'max_time_limit_ratio': 1.0, 'max_time_limit': None, 'min_time_limit': 0, 'valid_raw_types': ['bool', 'int', 'float', 'category'], 'valid_special_types': None, 'ignored_type_group_special': ['text_ngram', 'text_as_category'], 'ignored_type_group_raw': None, 'get_features_kwargs': None, 'get_features_kwargs_extra': None, 'predict_1_batch_size': None, 'temperature_scalar': None}","['dm-genero', 'dm-edad', 'CC-p1-Pd', 'FR-p1-Pd', 'St-p2-Pd', 'St-p1-Pd', 'Tv-08-Pd', 'Tv-11-Pd']",,,,,[],[]
47,NeuralNetTorch_r22,0.8717948717948718,0.6282051282051282,0.4,0.6444444444444444,0.8125,0.8717948717948718,0.6984126984126985,0.5,0.3333333333333333,-0.35670868834002634,0.21625871782217745,0.9787234042553191,roc_auc,0.008477210998535156,0.006899356842041016,1.8700871467590332,0.008477210998535156,0.006899356842041016,1.8700871467590332,1,True,20,8,1,1,572253,572253,572253,572253,0,0,TabularNeuralNetTorchModel,,roc_auc,"{'num_epochs': 1000, 'epochs_wo_improve': None, 'activation': 'elu', 'embedding_size_factor': 1.0, 'embed_exponent': 0.56, 'max_embedding_dim': 100, 'y_range': None, 'y_range_extend': 0.05, 'dropout_prob': 0.11897478034205347, 'optimizer': 'adam', 'learning_rate': 0.0010474382260641949, 'weight_decay': 5.594471067786272e-10, 'proc.embed_min_categories': 4, 'proc.impute_strategy': 'median', 'proc.max_category_levels': 100, 'proc.skew_threshold': 0.99, 'use_ngram_features': False, 'num_layers': 4, 'hidden_size': 213, 'max_batch_size': 512, 'use_batchnorm': False, 'loss_function': 'auto'}","{'batch_size': 32, 'num_epochs': 32}","{'max_memory_usage_ratio': 1.0, 'max_time_limit_ratio': 1.0, 'max_time_limit': None, 'min_time_limit': 0, 'valid_raw_types': ['bool', 'int', 'float', 'category'], 'valid_special_types': None, 'ignored_type_group_special': ['text_ngram', 'text_as_category'], 'ignored_type_group_raw': None, 'get_features_kwargs': None, 'get_features_kwargs_extra': None, 'predict_1_batch_size': None, 'temperature_scalar': None}","['dm-genero', 'dm-edad', 'CC-p1-Pd', 'FR-p1-Pd', 'St-p2-Pd', 'St-p1-Pd', 'Tv-08-Pd', 'Tv-11-Pd']",,,,,[],[]
48,CatBoost_r13,0.8717948717948718,0.6666666666666666,0.5,0.7142857142857143,0.875,0.8717948717948718,0.6984126984126985,1.0,0.3333333333333333,-0.3981866690855732,0.141966674547636,0.9787234042553191,roc_auc,0.008779048919677734,0.0011491775512695312,1.297245979309082,0.008779048919677734,0.0011491775512695312,1.297245979309082,1,True,25,8,1,1,3847835,3847835,3847835,3847835,0,0,CatBoostModel,,log_loss,"{'iterations': 10000, 'learning_rate': 0.017301189655111057, 'random_seed': 0, 'allow_writing_files': False, 'eval_metric': 'Logloss', 'depth': 8, 'grow_policy': 'SymmetricTree', 'l2_leaf_reg': 3.3274013177541373, 'max_ctr_complexity': 5, 'one_hot_max_size': 10}",{'iterations': 935},"{'max_memory_usage_ratio': 1.0, 'max_time_limit_ratio': 1.0, 'max_time_limit': None, 'min_time_limit': 0, 'valid_raw_types': ['bool', 'int', 'float', 'category'], 'valid_special_types': None, 'ignored_type_group_special': None, 'ignored_type_group_raw': None, 'get_features_kwargs': None, 'get_features_kwargs_extra': None, 'predict_1_batch_size': None, 'temperature_scalar': None}","['dm-genero', 'dm-edad', 'CC-p1-Pd', 'FR-p1-Pd', 'St-p2-Pd', 'St-p1-Pd', 'Tv-08-Pd', 'Tv-11-Pd']",,,,,[],[]
49,ExtraTrees_r197,0.8717948717948718,0.6666666666666666,0.5,0.7142857142857143,0.875,0.8717948717948718,0.6984126984126984,1.0,0.3333333333333333,-0.3576609390914509,0.2145182680586435,0.9639934533551554,roc_auc,0.05074310302734375,0.06908011436462402,0.803386926651001,0.05074310302734375,0.06908011436462402,0.803386926651001,1,True,91,8,1,1,1844376,1844376,1844376,1844376,0,0,XTModel,,log_loss,"{'n_estimators': 300, 'max_leaf_nodes': 40459, 'n_jobs': -1, 'random_state': 0, 'bootstrap': True, 'max_features': 1.0, 'min_samples_leaf': 1}",{'n_estimators': 300},"{'max_memory_usage_ratio': 1.0, 'max_time_limit_ratio': 1.0, 'max_time_limit': None, 'min_time_limit': 0, 'valid_raw_types': ['bool', 'int', 'float', 'category'], 'valid_special_types': None, 'ignored_type_group_special': None, 'ignored_type_group_raw': None, 'get_features_kwargs': None, 'get_features_kwargs_extra': None, 'predict_1_batch_size': None, 'temperature_scalar': None}","['dm-genero', 'dm-edad', 'CC-p1-Pd', 'FR-p1-Pd', 'St-p2-Pd', 'St-p1-Pd', 'Tv-08-Pd', 'Tv-11-Pd']",,,,,[],[]
50,RandomForest_r127,0.8717948717948718,0.6282051282051282,0.4,0.6444444444444444,0.8125,0.8717948717948718,0.6666666666666667,0.5,0.3333333333333333,-0.27442999375144106,0.3730698471880081,0.9639934533551555,roc_auc,0.06630730628967285,0.05426836013793945,0.7847919464111328,0.06630730628967285,0.05426836013793945,0.7847919464111328,1,True,58,8,1,1,649812,649812,649812,649812,0,0,RFModel,,log_loss,"{'n_estimators': 300, 'max_leaf_nodes': 38572, 'n_jobs': -1, 'random_state': 0, 'bootstrap': True, 'max_features': 1.0, 'min_samples_leaf': 5}",{'n_estimators': 300},"{'max_memory_usage_ratio': 1.0, 'max_time_limit_ratio': 1.0, 'max_time_limit': None, 'min_time_limit': 0, 'valid_raw_types': ['bool', 'int', 'float', 'category'], 'valid_special_types': None, 'ignored_type_group_special': None, 'ignored_type_group_raw': None, 'get_features_kwargs': None, 'get_features_kwargs_extra': None, 'predict_1_batch_size': None, 'temperature_scalar': None}","['dm-genero', 'dm-edad', 'CC-p1-Pd', 'FR-p1-Pd', 'St-p2-Pd', 'St-p1-Pd', 'Tv-08-Pd', 'Tv-11-Pd']",,,,,[],[]
51,LightGBM,0.8717948717948717,0.6282051282051282,0.4,0.6444444444444444,0.8125,0.8717948717948717,0.6666666666666667,0.5,0.3333333333333333,-0.3151500925675549,0.29385073356838987,0.972176759410802,roc_auc,0.002298116683959961,0.0010273456573486328,0.40899205207824707,0.002298116683959961,0.0010273456573486328,0.40899205207824707,1,True,4,8,1,1,126999,126999,126999,126999,0,0,LGBModel,,log_loss,{'learning_rate': 0.05},{'num_boost_round': 108},"{'max_memory_usage_ratio': 1.0, 'max_time_limit_ratio': 1.0, 'max_time_limit': None, 'min_time_limit': 0, 'valid_raw_types': ['bool', 'int', 'float', 'category'], 'valid_special_types': None, 'ignored_type_group_special': None, 'ignored_type_group_raw': None, 'get_features_kwargs': None, 'get_features_kwargs_extra': None, 'predict_1_batch_size': None, 'temperature_scalar': None}","['dm-genero', 'dm-edad', 'CC-p1-Pd', 'FR-p1-Pd', 'St-p2-Pd', 'St-p1-Pd', 'Tv-08-Pd', 'Tv-11-Pd']",,,,,[],[]
52,CatBoost_r137,0.8717948717948717,0.6666666666666666,0.5,0.7142857142857143,0.875,0.8717948717948717,0.7916666666666666,1.0,0.3333333333333333,-0.40692957552761133,0.12669624422836348,0.9803600654664485,roc_auc,0.0033431053161621094,0.0008785724639892578,0.45707011222839355,0.0033431053161621094,0.0008785724639892578,0.45707011222839355,1,True,23,8,1,1,193677,193677,193677,193677,0,0,CatBoostModel,,log_loss,"{'iterations': 10000, 'learning_rate': 0.04939557741379516, 'random_seed': 0, 'allow_writing_files': False, 'eval_metric': 'Logloss', 'depth': 4, 'grow_policy': 'SymmetricTree', 'l2_leaf_reg': 4.559174625782161, 'max_ctr_complexity': 3, 'one_hot_max_size': 3}",{'iterations': 452},"{'max_memory_usage_ratio': 1.0, 'max_time_limit_ratio': 1.0, 'max_time_limit': None, 'min_time_limit': 0, 'valid_raw_types': ['bool', 'int', 'float', 'category'], 'valid_special_types': None, 'ignored_type_group_special': None, 'ignored_type_group_raw': None, 'get_features_kwargs': None, 'get_features_kwargs_extra': None, 'predict_1_batch_size': None, 'temperature_scalar': None}","['dm-genero', 'dm-edad', 'CC-p1-Pd', 'FR-p1-Pd', 'St-p2-Pd', 'St-p1-Pd', 'Tv-08-Pd', 'Tv-11-Pd']",,,,,[],[]
53,CatBoost,0.8717948717948717,0.6666666666666666,0.5,0.7142857142857143,0.875,0.8717948717948717,0.7916666666666666,1.0,0.3333333333333333,-0.3492359449362225,0.22997398512139477,0.9787234042553191,roc_auc,0.003846406936645508,0.0008823871612548828,0.30687642097473145,0.003846406936645508,0.0008823871612548828,0.30687642097473145,1,True,7,8,1,1,246190,246190,246190,246190,0,0,CatBoostModel,,log_loss,"{'iterations': 10000, 'learning_rate': 0.05, 'random_seed': 0, 'allow_writing_files': False, 'eval_metric': 'Logloss'}",{'iterations': 193},"{'max_memory_usage_ratio': 1.0, 'max_time_limit_ratio': 1.0, 'max_time_limit': None, 'min_time_limit': 0, 'valid_raw_types': ['bool', 'int', 'float', 'category'], 'valid_special_types': None, 'ignored_type_group_special': None, 'ignored_type_group_raw': None, 'get_features_kwargs': None, 'get_features_kwargs_extra': None, 'predict_1_batch_size': None, 'temperature_scalar': None}","['dm-genero', 'dm-edad', 'CC-p1-Pd', 'FR-p1-Pd', 'St-p2-Pd', 'St-p1-Pd', 'Tv-08-Pd', 'Tv-11-Pd']",,,,,[],[]
54,LightGBMXT,0.8717948717948717,0.7564102564102564,0.5714285714285714,0.7257142857142858,0.8125,0.8717948717948717,0.7916666666666666,0.5,0.6666666666666666,-0.36773662355484016,0.19620461975509193,0.9574468085106383,roc_auc,0.004044294357299805,0.0009663105010986328,0.38292837142944336,0.004044294357299805,0.0009663105010986328,0.38292837142944336,1,True,3,8,1,1,201796,201796,201796,201796,0,0,LGBModel,,log_loss,"{'learning_rate': 0.05, 'extra_trees': True}",{'num_boost_round': 268},"{'max_memory_usage_ratio': 1.0, 'max_time_limit_ratio': 1.0, 'max_time_limit': None, 'min_time_limit': 0, 'valid_raw_types': ['bool', 'int', 'float', 'category'], 'valid_special_types': None, 'ignored_type_group_special': None, 'ignored_type_group_raw': None, 'get_features_kwargs': None, 'get_features_kwargs_extra': None, 'predict_1_batch_size': None, 'temperature_scalar': None}","['dm-genero', 'dm-edad', 'CC-p1-Pd', 'FR-p1-Pd', 'St-p2-Pd', 'St-p1-Pd', 'Tv-08-Pd', 'Tv-11-Pd']",,,,,[],[]
55,LightGBM_r94,0.8717948717948717,0.7948717948717949,0.6666666666666666,0.7948717948717949,0.875,0.8717948717948717,0.7916666666666666,0.6666666666666666,0.6666666666666666,-0.3545899142224338,0.22013712748042286,0.9476268412438624,roc_auc,0.004816293716430664,0.0010313987731933594,0.3808724880218506,0.004816293716430664,0.0010313987731933594,0.3808724880218506,1,True,61,8,1,1,378782,378782,378782,378782,0,0,LGBModel,,log_loss,"{'learning_rate': 0.04034449862560467, 'extra_trees': True, 'feature_fraction': 0.4341088458599442, 'min_data_in_leaf': 33, 'num_leaves': 16}",{'num_boost_round': 838},"{'max_memory_usage_ratio': 1.0, 'max_time_limit_ratio': 1.0, 'max_time_limit': None, 'min_time_limit': 0, 'valid_raw_types': ['bool', 'int', 'float', 'category'], 'valid_special_types': None, 'ignored_type_group_special': None, 'ignored_type_group_raw': None, 'get_features_kwargs': None, 'get_features_kwargs_extra': None, 'predict_1_batch_size': None, 'temperature_scalar': None}","['dm-genero', 'dm-edad', 'CC-p1-Pd', 'FR-p1-Pd', 'St-p2-Pd', 'St-p1-Pd', 'Tv-08-Pd', 'Tv-11-Pd']",,,,,[],[]
56,LightGBM_r30,0.8717948717948717,0.7564102564102564,0.5714285714285714,0.7257142857142858,0.8125,0.8717948717948717,0.7916666666666666,0.5,0.6666666666666666,-0.34088495840271227,0.24542269554258594,0.9509001636661212,roc_auc,0.009781360626220703,0.0013277530670166016,0.75933837890625,0.009781360626220703,0.0013277530670166016,0.75933837890625,1,True,69,8,1,1,1013352,1013352,1013352,1013352,0,0,LGBModel,,log_loss,"{'learning_rate': 0.010534290864227067, 'extra_trees': True, 'feature_fraction': 0.9773131270704629, 'min_data_in_leaf': 21, 'num_leaves': 111}",{'num_boost_round': 1405},"{'max_memory_usage_ratio': 1.0, 'max_time_limit_ratio': 1.0, 'max_time_limit': None, 'min_time_limit': 0, 'valid_raw_types': ['bool', 'int', 'float', 'category'], 'valid_special_types': None, 'ignored_type_group_special': None, 'ignored_type_group_raw': None, 'get_features_kwargs': None, 'get_features_kwargs_extra': None, 'predict_1_batch_size': None, 'temperature_scalar': None}","['dm-genero', 'dm-edad', 'CC-p1-Pd', 'FR-p1-Pd', 'St-p2-Pd', 'St-p1-Pd', 'Tv-08-Pd', 'Tv-11-Pd']",,,,,[],[]
57,LightGBM_r196,0.8717948717948717,0.6666666666666666,0.5,0.7142857142857143,0.875,0.8717948717948717,0.6666666666666667,1.0,0.3333333333333333,-0.4034698396532916,0.1327232015952334,0.9705400981996727,roc_auc,0.018050670623779297,0.0032999515533447266,3.8715200424194336,0.018050670623779297,0.0032999515533447266,3.8715200424194336,1,True,44,8,1,1,5942181,5942181,5942181,5942181,0,0,LGBModel,,log_loss,"{'learning_rate': 0.00529479887023554, 'extra_trees': True, 'feature_fraction': 0.5143401489640409, 'min_data_in_leaf': 6, 'num_leaves': 133}",{'num_boost_round': 6779},"{'max_memory_usage_ratio': 1.0, 'max_time_limit_ratio': 1.0, 'max_time_limit': None, 'min_time_limit': 0, 'valid_raw_types': ['bool', 'int', 'float', 'category'], 'valid_special_types': None, 'ignored_type_group_special': None, 'ignored_type_group_raw': None, 'get_features_kwargs': None, 'get_features_kwargs_extra': None, 'predict_1_batch_size': None, 'temperature_scalar': None}","['dm-genero', 'dm-edad', 'CC-p1-Pd', 'FR-p1-Pd', 'St-p2-Pd', 'St-p1-Pd', 'Tv-08-Pd', 'Tv-11-Pd']",,,,,[],[]
58,NeuralNetFastAI_r69,0.8717948717948717,0.6282051282051282,0.4,0.6444444444444444,0.8125,0.8717948717948717,0.6666666666666667,0.5,0.3333333333333333,-0.41860897356587934,0.10650466028355382,0.9803600654664485,roc_auc,0.03139662742614746,0.003444671630859375,0.23475909233093262,0.03139662742614746,0.003444671630859375,0.23475909233093262,1,True,84,8,1,1,151366,151366,151366,151366,0,0,NNFastAiTabularModel,,log_loss,"{'layers': [200, 100, 50], 'emb_drop': 0.3209601865656554, 'ps': 0.19846319260751663, 'bs': 128, 'lr': 0.019935403046870463, 'epochs': 21, 'early.stopping.min_delta': 0.0001, 'early.stopping.patience': 20, 'smoothing': 0.0}","{'epochs': 21, 'best_epoch': 19}","{'max_memory_usage_ratio': 1.0, 'max_time_limit_ratio': 1.0, 'max_time_limit': None, 'min_time_limit': 0, 'valid_raw_types': ['bool', 'int', 'float', 'category'], 'valid_special_types': None, 'ignored_type_group_special': ['text_ngram', 'text_as_category'], 'ignored_type_group_raw': None, 'get_features_kwargs': None, 'get_features_kwargs_extra': None, 'predict_1_batch_size': None, 'temperature_scalar': None}","['dm-genero', 'dm-edad', 'CC-p1-Pd', 'FR-p1-Pd', 'St-p2-Pd', 'St-p1-Pd', 'Tv-08-Pd', 'Tv-11-Pd']",,,,,[],[]
59,RandomForestEntr,0.8461538461538461,0.6666666666666666,0.5,0.7142857142857143,0.875,0.8461538461538461,0.6333333333333333,1.0,0.3333333333333333,-0.31609890089739906,0.2920430200458788,0.9664484451718495,roc_auc,0.06562137603759766,0.06107687950134277,0.6953411102294922,0.06562137603759766,0.06107687950134277,0.6953411102294922,1,True,6,8,1,1,1563172,1563172,1563172,1563172,0,0,RFModel,,log_loss,"{'n_estimators': 300, 'max_leaf_nodes': 15000, 'n_jobs': -1, 'random_state': 0, 'bootstrap': True, 'criterion': 'entropy'}",{'n_estimators': 300},"{'max_memory_usage_ratio': 1.0, 'max_time_limit_ratio': 1.0, 'max_time_limit': None, 'min_time_limit': 0, 'valid_raw_types': ['bool', 'int', 'float', 'category'], 'valid_special_types': None, 'ignored_type_group_special': None, 'ignored_type_group_raw': None, 'get_features_kwargs': None, 'get_features_kwargs_extra': None, 'predict_1_batch_size': None, 'temperature_scalar': None}","['dm-genero', 'dm-edad', 'CC-p1-Pd', 'FR-p1-Pd', 'St-p2-Pd', 'St-p1-Pd', 'Tv-08-Pd', 'Tv-11-Pd']",,,,,[],[]
60,CatBoost_r49,0.846153846153846,0.6666666666666666,0.5,0.7142857142857143,0.875,0.846153846153846,0.6805555555555556,1.0,0.3333333333333333,-0.4022163587499707,0.13491192071546929,0.9803600654664485,roc_auc,0.0011844635009765625,0.0009284019470214844,0.29082179069519043,0.0011844635009765625,0.0009284019470214844,0.29082179069519043,1,True,55,8,1,1,125923,125923,125923,125923,0,0,CatBoostModel,,log_loss,"{'iterations': 10000, 'learning_rate': 0.06028218319511302, 'random_seed': 0, 'allow_writing_files': False, 'eval_metric': 'Logloss', 'depth': 4, 'grow_policy': 'SymmetricTree', 'l2_leaf_reg': 3.353268454214423, 'max_ctr_complexity': 1, 'one_hot_max_size': 10}",{'iterations': 265},"{'max_memory_usage_ratio': 1.0, 'max_time_limit_ratio': 1.0, 'max_time_limit': None, 'min_time_limit': 0, 'valid_raw_types': ['bool', 'int', 'float', 'category'], 'valid_special_types': None, 'ignored_type_group_special': None, 'ignored_type_group_raw': None, 'get_features_kwargs': None, 'get_features_kwargs_extra': None, 'predict_1_batch_size': None, 'temperature_scalar': None}","['dm-genero', 'dm-edad', 'CC-p1-Pd', 'FR-p1-Pd', 'St-p2-Pd', 'St-p1-Pd', 'Tv-08-Pd', 'Tv-11-Pd']",,,,,[],[]
61,CatBoost_r177,0.846153846153846,0.6666666666666666,0.5,0.7142857142857143,0.875,0.846153846153846,0.7777777777777777,1.0,0.3333333333333333,-0.41427792246071465,0.11396470940418707,0.9803600654664484,roc_auc,0.0015861988067626953,0.0009007453918457031,0.29149866104125977,0.0015861988067626953,0.0009007453918457031,0.29149866104125977,1,True,14,8,1,1,288108,288108,288108,288108,0,0,CatBoostModel,,log_loss,"{'iterations': 10000, 'learning_rate': 0.06864209415792857, 'random_seed': 0, 'allow_writing_files': False, 'eval_metric': 'Logloss', 'depth': 6, 'grow_policy': 'SymmetricTree', 'l2_leaf_reg': 2.1542798306067823, 'max_ctr_complexity': 4, 'one_hot_max_size': 10}",{'iterations': 230},"{'max_memory_usage_ratio': 1.0, 'max_time_limit_ratio': 1.0, 'max_time_limit': None, 'min_time_limit': 0, 'valid_raw_types': ['bool', 'int', 'float', 'category'], 'valid_special_types': None, 'ignored_type_group_special': None, 'ignored_type_group_raw': None, 'get_features_kwargs': None, 'get_features_kwargs_extra': None, 'predict_1_batch_size': None, 'temperature_scalar': None}","['dm-genero', 'dm-edad', 'CC-p1-Pd', 'FR-p1-Pd', 'St-p2-Pd', 'St-p1-Pd', 'Tv-08-Pd', 'Tv-11-Pd']",,,,,[],[]
62,CatBoost_r167,0.846153846153846,0.6666666666666666,0.5,0.7142857142857143,0.875,0.846153846153846,0.6805555555555556,1.0,0.3333333333333333,-0.3670354945167651,0.19747297758061955,0.9787234042553191,roc_auc,0.004091024398803711,0.0008974075317382812,0.25734472274780273,0.004091024398803711,0.0008974075317382812,0.25734472274780273,1,True,46,8,1,1,284076,284076,284076,284076,0,0,CatBoostModel,,log_loss,"{'iterations': 10000, 'learning_rate': 0.08481607830570326, 'random_seed': 0, 'allow_writing_files': False, 'eval_metric': 'Logloss', 'depth': 7, 'grow_policy': 'SymmetricTree', 'l2_leaf_reg': 4.522712492188319, 'max_ctr_complexity': 3, 'one_hot_max_size': 2}",{'iterations': 119},"{'max_memory_usage_ratio': 1.0, 'max_time_limit_ratio': 1.0, 'max_time_limit': None, 'min_time_limit': 0, 'valid_raw_types': ['bool', 'int', 'float', 'category'], 'valid_special_types': None, 'ignored_type_group_special': None, 'ignored_type_group_raw': None, 'get_features_kwargs': None, 'get_features_kwargs_extra': None, 'predict_1_batch_size': None, 'temperature_scalar': None}","['dm-genero', 'dm-edad', 'CC-p1-Pd', 'FR-p1-Pd', 'St-p2-Pd', 'St-p1-Pd', 'Tv-08-Pd', 'Tv-11-Pd']",,,,,[],[]
63,NeuralNetTorch_r31,0.846153846153846,0.6282051282051282,0.4,0.6444444444444444,0.8125,0.846153846153846,0.6805555555555556,0.5,0.3333333333333333,-0.49117650674277313,-0.013804357804381199,0.972176759410802,roc_auc,0.006224393844604492,0.0031709671020507812,0.421550989151001,0.006224393844604492,0.0031709671020507812,0.421550989151001,1,True,65,8,1,1,99146,99146,99146,99146,0,0,TabularNeuralNetTorchModel,,roc_auc,"{'num_epochs': 1000, 'epochs_wo_improve': None, 'activation': 'elu', 'embedding_size_factor': 1.0, 'embed_exponent': 0.56, 'max_embedding_dim': 100, 'y_range': None, 'y_range_extend': 0.05, 'dropout_prob': 0.013288954106470907, 'optimizer': 'adam', 'learning_rate': 0.005340914647396154, 'weight_decay': 8.762168370775353e-05, 'proc.embed_min_categories': 4, 'proc.impute_strategy': 'median', 'proc.max_category_levels': 100, 'proc.skew_threshold': 0.99, 'use_ngram_features': False, 'num_layers': 4, 'hidden_size': 81, 'max_batch_size': 512, 'use_batchnorm': False, 'loss_function': 'auto'}","{'batch_size': 32, 'num_epochs': 25}","{'max_memory_usage_ratio': 1.0, 'max_time_limit_ratio': 1.0, 'max_time_limit': None, 'min_time_limit': 0, 'valid_raw_types': ['bool', 'int', 'float', 'category'], 'valid_special_types': None, 'ignored_type_group_special': ['text_ngram', 'text_as_category'], 'ignored_type_group_raw': None, 'get_features_kwargs': None, 'get_features_kwargs_extra': None, 'predict_1_batch_size': None, 'temperature_scalar': None}","['dm-genero', 'dm-edad', 'CC-p1-Pd', 'FR-p1-Pd', 'St-p2-Pd', 'St-p1-Pd', 'Tv-08-Pd', 'Tv-11-Pd']",,,,,[],[]
64,NeuralNetFastAI_r143,0.846153846153846,0.6282051282051282,0.4,0.6444444444444444,0.8125,0.846153846153846,0.6805555555555556,0.5,0.3333333333333333,-0.5231180050758446,-0.06405474544839962,0.9705400981996727,roc_auc,0.013951301574707031,0.009061336517333984,2.266292095184326,0.013951301574707031,0.009061336517333984,2.266292095184326,1,True,41,8,1,1,159182,159182,159182,159182,0,0,NNFastAiTabularModel,,log_loss,"{'layers': [200, 100, 50], 'emb_drop': 0.6239200452002372, 'ps': 0.670815151683455, 'bs': 1024, 'lr': 0.07170321592506483, 'epochs': 39, 'early.stopping.min_delta': 0.0001, 'early.stopping.patience': 20, 'smoothing': 0.0}","{'epochs': 39, 'best_epoch': 22}","{'max_memory_usage_ratio': 1.0, 'max_time_limit_ratio': 1.0, 'max_time_limit': None, 'min_time_limit': 0, 'valid_raw_types': ['bool', 'int', 'float', 'category'], 'valid_special_types': None, 'ignored_type_group_special': ['text_ngram', 'text_as_category'], 'ignored_type_group_raw': None, 'get_features_kwargs': None, 'get_features_kwargs_extra': None, 'predict_1_batch_size': None, 'temperature_scalar': None}","['dm-genero', 'dm-edad', 'CC-p1-Pd', 'FR-p1-Pd', 'St-p2-Pd', 'St-p1-Pd', 'Tv-08-Pd', 'Tv-11-Pd']",,,,,[],[]
65,NeuralNetFastAI_r37,0.8205128205128205,0.6666666666666666,0.5,0.7142857142857143,0.875,0.8205128205128205,0.625,1.0,0.3333333333333333,-0.37622065110636516,0.18092655998167617,0.9721767594108021,roc_auc,0.007639646530151367,0.004606485366821289,0.9403300285339355,0.007639646530151367,0.004606485366821289,0.9403300285339355,1,True,53,8,1,1,469870,469870,469870,469870,0,0,NNFastAiTabularModel,,log_loss,"{'layers': [400, 200, 100], 'emb_drop': 0.1567472816422661, 'ps': 0.4930900813464729, 'bs': 512, 'lr': 0.06831450078222204, 'epochs': 41, 'early.stopping.min_delta': 0.0001, 'early.stopping.patience': 20, 'smoothing': 0.0}","{'epochs': 41, 'best_epoch': 10}","{'max_memory_usage_ratio': 1.0, 'max_time_limit_ratio': 1.0, 'max_time_limit': None, 'min_time_limit': 0, 'valid_raw_types': ['bool', 'int', 'float', 'category'], 'valid_special_types': None, 'ignored_type_group_special': ['text_ngram', 'text_as_category'], 'ignored_type_group_raw': None, 'get_features_kwargs': None, 'get_features_kwargs_extra': None, 'predict_1_batch_size': None, 'temperature_scalar': None}","['dm-genero', 'dm-edad', 'CC-p1-Pd', 'FR-p1-Pd', 'St-p2-Pd', 'St-p1-Pd', 'Tv-08-Pd', 'Tv-11-Pd']",,,,,[],[]
66,NeuralNetFastAI_r187,0.8205128205128205,0.6666666666666666,0.5,0.7142857142857143,0.875,0.8205128205128205,0.7666666666666666,1.0,0.3333333333333333,-0.4735618996809646,0.01460134559607646,0.9803600654664485,roc_auc,0.009467601776123047,0.004596710205078125,1.1564359664916992,0.009467601776123047,0.004596710205078125,1.1564359664916992,1,True,104,8,1,1,159833,159833,159833,159833,0,0,NNFastAiTabularModel,,log_loss,"{'layers': [200, 100, 50], 'emb_drop': 0.5074958658302495, 'ps': 0.34814978753283593, 'bs': 1024, 'lr': 0.026342427824862867, 'epochs': 42, 'early.stopping.min_delta': 0.0001, 'early.stopping.patience': 20, 'smoothing': 0.0}","{'epochs': 42, 'best_epoch': 21}","{'max_memory_usage_ratio': 1.0, 'max_time_limit_ratio': 1.0, 'max_time_limit': None, 'min_time_limit': 0, 'valid_raw_types': ['bool', 'int', 'float', 'category'], 'valid_special_types': None, 'ignored_type_group_special': ['text_ngram', 'text_as_category'], 'ignored_type_group_raw': None, 'get_features_kwargs': None, 'get_features_kwargs_extra': None, 'predict_1_batch_size': None, 'temperature_scalar': None}","['dm-genero', 'dm-edad', 'CC-p1-Pd', 'FR-p1-Pd', 'St-p2-Pd', 'St-p1-Pd', 'Tv-08-Pd', 'Tv-11-Pd']",,,,,[],[]
67,NeuralNetFastAI_r103,0.8205128205128205,0.6666666666666666,0.5,0.7142857142857143,0.875,0.8205128205128205,0.7666666666666666,1.0,0.3333333333333333,-0.43157780902304776,0.08435791193717897,0.972176759410802,roc_auc,0.010894775390625,0.008822202682495117,2.602851152420044,0.010894775390625,0.008822202682495117,2.602851152420044,1,True,38,8,1,1,389548,389548,389548,389548,0,0,NNFastAiTabularModel,,log_loss,"{'layers': [400, 200], 'emb_drop': 0.1508701680951814, 'ps': 0.19110623090573325, 'bs': 256, 'lr': 0.08794353125787312, 'epochs': 46, 'early.stopping.min_delta': 0.0001, 'early.stopping.patience': 20, 'smoothing': 0.0}","{'epochs': 46, 'best_epoch': 33}","{'max_memory_usage_ratio': 1.0, 'max_time_limit_ratio': 1.0, 'max_time_limit': None, 'min_time_limit': 0, 'valid_raw_types': ['bool', 'int', 'float', 'category'], 'valid_special_types': None, 'ignored_type_group_special': ['text_ngram', 'text_as_category'], 'ignored_type_group_raw': None, 'get_features_kwargs': None, 'get_features_kwargs_extra': None, 'predict_1_batch_size': None, 'temperature_scalar': None}","['dm-genero', 'dm-edad', 'CC-p1-Pd', 'FR-p1-Pd', 'St-p2-Pd', 'St-p1-Pd', 'Tv-08-Pd', 'Tv-11-Pd']",,,,,[],[]
68,RandomForest_r34,0.8205128205128205,0.6794871794871795,0.4444444444444444,0.6135265700483092,0.6875,0.8205128205128205,0.6095238095238096,0.3333333333333333,0.6666666666666666,-0.4239363326960579,0.09737235937723845,0.9459901800327333,roc_auc,0.03318476676940918,0.05763697624206543,0.6881122589111328,0.03318476676940918,0.05763697624206543,0.6881122589111328,1,True,60,8,1,1,203318,203318,203318,203318,0,0,RFModel,,log_loss,"{'n_estimators': 300, 'max_leaf_nodes': 18242, 'n_jobs': -1, 'random_state': 0, 'bootstrap': True, 'max_features': 0.75, 'min_samples_leaf': 40}",{'n_estimators': 300},"{'max_memory_usage_ratio': 1.0, 'max_time_limit_ratio': 1.0, 'max_time_limit': None, 'min_time_limit': 0, 'valid_raw_types': ['bool', 'int', 'float', 'category'], 'valid_special_types': None, 'ignored_type_group_special': None, 'ignored_type_group_raw': None, 'get_features_kwargs': None, 'get_features_kwargs_extra': None, 'predict_1_batch_size': None, 'temperature_scalar': None}","['dm-genero', 'dm-edad', 'CC-p1-Pd', 'FR-p1-Pd', 'St-p2-Pd', 'St-p1-Pd', 'Tv-08-Pd', 'Tv-11-Pd']",,,,,[],[]
69,ExtraTrees_r172,0.8205128205128205,0.6282051282051282,0.4,0.6444444444444444,0.8125,0.8205128205128205,0.6095238095238096,0.5,0.3333333333333333,-0.35119022950026774,0.22637708675072044,0.9623567921440263,roc_auc,0.04717373847961426,0.0662391185760498,0.6907496452331543,0.04717373847961426,0.0662391185760498,0.6907496452331543,1,True,36,8,1,1,1001228,1001228,1001228,1001228,0,0,XTModel,,log_loss,"{'n_estimators': 300, 'max_leaf_nodes': 12845, 'n_jobs': -1, 'random_state': 0, 'bootstrap': True, 'max_features': 1.0, 'min_samples_leaf': 4}",{'n_estimators': 300},"{'max_memory_usage_ratio': 1.0, 'max_time_limit_ratio': 1.0, 'max_time_limit': None, 'min_time_limit': 0, 'valid_raw_types': ['bool', 'int', 'float', 'category'], 'valid_special_types': None, 'ignored_type_group_special': None, 'ignored_type_group_raw': None, 'get_features_kwargs': None, 'get_features_kwargs_extra': None, 'predict_1_batch_size': None, 'temperature_scalar': None}","['dm-genero', 'dm-edad', 'CC-p1-Pd', 'FR-p1-Pd', 'St-p2-Pd', 'St-p1-Pd', 'Tv-08-Pd', 'Tv-11-Pd']",,,,,[],[]
70,NeuralNetTorch_r36,0.8205128205128204,0.6282051282051282,0.4,0.6444444444444444,0.8125,0.8205128205128204,0.6666666666666666,0.5,0.3333333333333333,-0.4792896217243861,0.005309760371627693,0.9607201309328969,roc_auc,0.006476163864135742,0.003154277801513672,0.4174787998199463,0.006476163864135742,0.003154277801513672,0.4174787998199463,1,True,100,8,1,1,34185,34185,34185,34185,0,0,TabularNeuralNetTorchModel,,roc_auc,"{'num_epochs': 1000, 'epochs_wo_improve': None, 'activation': 'elu', 'embedding_size_factor': 1.0, 'embed_exponent': 0.56, 'max_embedding_dim': 100, 'y_range': None, 'y_range_extend': 0.05, 'dropout_prob': 0.3457125770744979, 'optimizer': 'adam', 'learning_rate': 0.006435774191713849, 'weight_decay': 2.4012185204155345e-08, 'proc.embed_min_categories': 4, 'proc.impute_strategy': 'median', 'proc.max_category_levels': 100, 'proc.skew_threshold': 0.99, 'use_ngram_features': False, 'num_layers': 3, 'hidden_size': 37, 'max_batch_size': 512, 'use_batchnorm': True, 'loss_function': 'auto'}","{'batch_size': 32, 'num_epochs': 20}","{'max_memory_usage_ratio': 1.0, 'max_time_limit_ratio': 1.0, 'max_time_limit': None, 'min_time_limit': 0, 'valid_raw_types': ['bool', 'int', 'float', 'category'], 'valid_special_types': None, 'ignored_type_group_special': ['text_ngram', 'text_as_category'], 'ignored_type_group_raw': None, 'get_features_kwargs': None, 'get_features_kwargs_extra': None, 'predict_1_batch_size': None, 'temperature_scalar': None}","['dm-genero', 'dm-edad', 'CC-p1-Pd', 'FR-p1-Pd', 'St-p2-Pd', 'St-p1-Pd', 'Tv-08-Pd', 'Tv-11-Pd']",,,,,[],[]
71,NeuralNetTorch_r71,0.8205128205128204,0.6666666666666666,0.5,0.7142857142857143,0.875,0.8205128205128204,0.6666666666666666,1.0,0.3333333333333333,-0.8639413507054794,-0.5112020274302682,0.9803600654664485,roc_auc,0.007224321365356445,0.003006458282470703,0.28494691848754883,0.007224321365356445,0.003006458282470703,0.28494691848754883,1,True,73,8,1,1,21847,21847,21847,21847,0,0,TabularNeuralNetTorchModel,,roc_auc,"{'num_epochs': 1000, 'epochs_wo_improve': None, 'activation': 'relu', 'embedding_size_factor': 1.0, 'embed_exponent': 0.56, 'max_embedding_dim': 100, 'y_range': None, 'y_range_extend': 0.05, 'dropout_prob': 0.3027114570947557, 'optimizer': 'adam', 'learning_rate': 0.006482759295309238, 'weight_decay': 1.2806509958776e-12, 'proc.embed_min_categories': 4, 'proc.impute_strategy': 'median', 'proc.max_category_levels': 100, 'proc.skew_threshold': 0.99, 'use_ngram_features': False, 'num_layers': 1, 'hidden_size': 196, 'max_batch_size': 512, 'use_batchnorm': False, 'loss_function': 'auto'}","{'batch_size': 32, 'num_epochs': 41}","{'max_memory_usage_ratio': 1.0, 'max_time_limit_ratio': 1.0, 'max_time_limit': None, 'min_time_limit': 0, 'valid_raw_types': ['bool', 'int', 'float', 'category'], 'valid_special_types': None, 'ignored_type_group_special': ['text_ngram', 'text_as_category'], 'ignored_type_group_raw': None, 'get_features_kwargs': None, 'get_features_kwargs_extra': None, 'predict_1_batch_size': None, 'temperature_scalar': None}","['dm-genero', 'dm-edad', 'CC-p1-Pd', 'FR-p1-Pd', 'St-p2-Pd', 'St-p1-Pd', 'Tv-08-Pd', 'Tv-11-Pd']",,,,,[],[]
72,NeuralNetTorch_r1,0.8205128205128204,0.7948717948717949,0.6666666666666666,0.7948717948717949,0.875,0.8205128205128204,0.6666666666666666,0.6666666666666666,0.6666666666666666,-0.5765876225102384,-0.14466273112837952,0.9738134206219312,roc_auc,0.008130311965942383,0.006960391998291016,0.8240189552307129,0.008130311965942383,0.006960391998291016,0.8240189552307129,1,True,109,8,1,1,523428,523428,523428,523428,0,0,TabularNeuralNetTorchModel,,roc_auc,"{'num_epochs': 1000, 'epochs_wo_improve': None, 'activation': 'relu', 'embedding_size_factor': 1.0, 'embed_exponent': 0.56, 'max_embedding_dim': 100, 'y_range': None, 'y_range_extend': 0.05, 'dropout_prob': 0.23713784729000734, 'optimizer': 'adam', 'learning_rate': 0.00311256170909018, 'weight_decay': 4.573016756474468e-08, 'proc.embed_min_categories': 4, 'proc.impute_strategy': 'median', 'proc.max_category_levels': 100, 'proc.skew_threshold': 0.99, 'use_ngram_features': False, 'num_layers': 4, 'hidden_size': 200, 'max_batch_size': 512, 'use_batchnorm': True, 'loss_function': 'auto'}","{'batch_size': 32, 'num_epochs': 6}","{'max_memory_usage_ratio': 1.0, 'max_time_limit_ratio': 1.0, 'max_time_limit': None, 'min_time_limit': 0, 'valid_raw_types': ['bool', 'int', 'float', 'category'], 'valid_special_types': None, 'ignored_type_group_special': ['text_ngram', 'text_as_category'], 'ignored_type_group_raw': None, 'get_features_kwargs': None, 'get_features_kwargs_extra': None, 'predict_1_batch_size': None, 'temperature_scalar': None}","['dm-genero', 'dm-edad', 'CC-p1-Pd', 'FR-p1-Pd', 'St-p2-Pd', 'St-p1-Pd', 'Tv-08-Pd', 'Tv-11-Pd']",,,,,[],[]
73,NeuralNetFastAI_r102,0.8205128205128204,0.6666666666666666,0.5,0.7142857142857143,0.875,0.8205128205128204,0.6666666666666666,1.0,0.3333333333333333,-0.5602838444245855,-0.12053917564317598,0.9738134206219313,roc_auc,0.010558128356933594,0.008735895156860352,1.5981295108795166,0.010558128356933594,0.008735895156860352,1.5981295108795166,1,True,24,8,1,1,133841,133841,133841,133841,0,0,NNFastAiTabularModel,,log_loss,"{'layers': [200, 100], 'emb_drop': 0.05070411322605811, 'ps': 0.10393466140748028, 'bs': 2048, 'lr': 0.08974235041576624, 'epochs': 29, 'early.stopping.min_delta': 0.0001, 'early.stopping.patience': 20, 'smoothing': 0.0}","{'epochs': 29, 'best_epoch': 10}","{'max_memory_usage_ratio': 1.0, 'max_time_limit_ratio': 1.0, 'max_time_limit': None, 'min_time_limit': 0, 'valid_raw_types': ['bool', 'int', 'float', 'category'], 'valid_special_types': None, 'ignored_type_group_special': ['text_ngram', 'text_as_category'], 'ignored_type_group_raw': None, 'get_features_kwargs': None, 'get_features_kwargs_extra': None, 'predict_1_batch_size': None, 'temperature_scalar': None}","['dm-genero', 'dm-edad', 'CC-p1-Pd', 'FR-p1-Pd', 'St-p2-Pd', 'St-p1-Pd', 'Tv-08-Pd', 'Tv-11-Pd']",,,,,[],[]
74,NeuralNetFastAI_r111,0.8205128205128204,0.6282051282051282,0.4,0.6444444444444444,0.8125,0.8205128205128204,0.6666666666666666,0.5,0.3333333333333333,-0.8807945466122101,-0.5296028694954569,0.9787234042553191,roc_auc,0.010905742645263672,0.004496097564697266,0.6019902229309082,0.010905742645263672,0.004496097564697266,0.6019902229309082,1,True,64,8,1,1,384123,384123,384123,384123,0,0,NNFastAiTabularModel,,log_loss,"{'layers': [400, 200], 'emb_drop': 0.6343202884164582, 'ps': 0.48362560779595565, 'bs': 2048, 'lr': 0.08479209380262258, 'epochs': 21, 'early.stopping.min_delta': 0.0001, 'early.stopping.patience': 20, 'smoothing': 0.0}","{'epochs': 21, 'best_epoch': 10}","{'max_memory_usage_ratio': 1.0, 'max_time_limit_ratio': 1.0, 'max_time_limit': None, 'min_time_limit': 0, 'valid_raw_types': ['bool', 'int', 'float', 'category'], 'valid_special_types': None, 'ignored_type_group_special': ['text_ngram', 'text_as_category'], 'ignored_type_group_raw': None, 'get_features_kwargs': None, 'get_features_kwargs_extra': None, 'predict_1_batch_size': None, 'temperature_scalar': None}","['dm-genero', 'dm-edad', 'CC-p1-Pd', 'FR-p1-Pd', 'St-p2-Pd', 'St-p1-Pd', 'Tv-08-Pd', 'Tv-11-Pd']",,,,,[],[]
75,NeuralNetFastAI_r134,0.8205128205128204,0.6666666666666666,0.5,0.7142857142857143,0.875,0.8205128205128204,0.6666666666666666,1.0,0.3333333333333333,-0.6501920463098919,-0.2488050915899297,0.9852700490998364,roc_auc,0.014162540435791016,0.009034156799316406,2.7108209133148193,0.014162540435791016,0.009034156799316406,2.7108209133148193,1,True,59,8,1,1,1373780,1373780,1373780,1373780,0,0,NNFastAiTabularModel,,log_loss,"{'layers': [800, 400], 'emb_drop': 0.006251885504130949, 'ps': 0.2677080696008348, 'bs': 2048, 'lr': 0.01329622020483052, 'epochs': 47, 'early.stopping.min_delta': 0.0001, 'early.stopping.patience': 20, 'smoothing': 0.0}","{'epochs': 47, 'best_epoch': 33}","{'max_memory_usage_ratio': 1.0, 'max_time_limit_ratio': 1.0, 'max_time_limit': None, 'min_time_limit': 0, 'valid_raw_types': ['bool', 'int', 'float', 'category'], 'valid_special_types': None, 'ignored_type_group_special': ['text_ngram', 'text_as_category'], 'ignored_type_group_raw': None, 'get_features_kwargs': None, 'get_features_kwargs_extra': None, 'predict_1_batch_size': None, 'temperature_scalar': None}","['dm-genero', 'dm-edad', 'CC-p1-Pd', 'FR-p1-Pd', 'St-p2-Pd', 'St-p1-Pd', 'Tv-08-Pd', 'Tv-11-Pd']",,,,,[],[]
76,NeuralNetFastAI,0.8205128205128204,0.6666666666666666,0.5,0.7142857142857143,0.875,0.8205128205128204,0.6666666666666666,1.0,0.3333333333333333,-0.4862619259893448,-0.005929204097097248,0.9689034369885434,roc_auc,0.020520687103271484,0.004472017288208008,0.787548303604126,0.020520687103271484,0.004472017288208008,0.787548303604126,1,True,10,8,1,1,133947,133947,133947,133947,0,0,NNFastAiTabularModel,,log_loss,"{'layers': None, 'emb_drop': 0.1, 'ps': 0.1, 'bs': 'auto', 'lr': 0.01, 'epochs': 'auto', 'early.stopping.min_delta': 0.0001, 'early.stopping.patience': 20, 'smoothing': 0.0}","{'epochs': 30, 'best_epoch': 21}","{'max_memory_usage_ratio': 1.0, 'max_time_limit_ratio': 1.0, 'max_time_limit': None, 'min_time_limit': 0, 'valid_raw_types': ['bool', 'int', 'float', 'category'], 'valid_special_types': None, 'ignored_type_group_special': ['text_ngram', 'text_as_category'], 'ignored_type_group_raw': None, 'get_features_kwargs': None, 'get_features_kwargs_extra': None, 'predict_1_batch_size': None, 'temperature_scalar': None}","['dm-genero', 'dm-edad', 'CC-p1-Pd', 'FR-p1-Pd', 'St-p2-Pd', 'St-p1-Pd', 'Tv-08-Pd', 'Tv-11-Pd']",,,,,[],[]
77,ExtraTrees_r42,0.7948717948717948,0.6666666666666666,0.5,0.7142857142857143,0.875,0.7948717948717948,0.5916666666666666,1.0,0.3333333333333333,-0.3578995963024886,0.21408261065674977,0.9590834697217676,roc_auc,0.0357661247253418,0.06602215766906738,0.7156627178192139,0.0357661247253418,0.06602215766906738,0.7156627178192139,1,True,22,8,1,1,2035761,2035761,2035761,2035761,0,0,XTModel,,log_loss,"{'n_estimators': 300, 'max_leaf_nodes': 18392, 'n_jobs': -1, 'random_state': 0, 'bootstrap': True, 'max_features': 0.75, 'min_samples_leaf': 1}",{'n_estimators': 300},"{'max_memory_usage_ratio': 1.0, 'max_time_limit_ratio': 1.0, 'max_time_limit': None, 'min_time_limit': 0, 'valid_raw_types': ['bool', 'int', 'float', 'category'], 'valid_special_types': None, 'ignored_type_group_special': None, 'ignored_type_group_raw': None, 'get_features_kwargs': None, 'get_features_kwargs_extra': None, 'predict_1_batch_size': None, 'temperature_scalar': None}","['dm-genero', 'dm-edad', 'CC-p1-Pd', 'FR-p1-Pd', 'St-p2-Pd', 'St-p1-Pd', 'Tv-08-Pd', 'Tv-11-Pd']",,,,,[],[]
78,ExtraTrees_r178,0.7948717948717948,0.6666666666666666,0.5,0.7142857142857143,0.875,0.7948717948717948,0.5916666666666666,1.0,0.3333333333333333,-0.36517587424986175,0.2008417708427255,0.9541734860883797,roc_auc,0.038819074630737305,0.06808733940124512,0.7463855743408203,0.038819074630737305,0.06808733940124512,0.7463855743408203,1,True,75,8,1,1,1007788,1007788,1007788,1007788,0,0,XTModel,,log_loss,"{'n_estimators': 300, 'max_leaf_nodes': 29813, 'n_jobs': -1, 'random_state': 0, 'bootstrap': True, 'max_features': 0.75, 'min_samples_leaf': 4}",{'n_estimators': 300},"{'max_memory_usage_ratio': 1.0, 'max_time_limit_ratio': 1.0, 'max_time_limit': None, 'min_time_limit': 0, 'valid_raw_types': ['bool', 'int', 'float', 'category'], 'valid_special_types': None, 'ignored_type_group_special': None, 'ignored_type_group_raw': None, 'get_features_kwargs': None, 'get_features_kwargs_extra': None, 'predict_1_batch_size': None, 'temperature_scalar': None}","['dm-genero', 'dm-edad', 'CC-p1-Pd', 'FR-p1-Pd', 'St-p2-Pd', 'St-p1-Pd', 'Tv-08-Pd', 'Tv-11-Pd']",,,,,[],[]
79,NeuralNetTorch_r19,0.7948717948717947,0.6666666666666666,0.5,0.7142857142857143,0.875,0.7948717948717947,0.6555555555555556,1.0,0.3333333333333333,-0.9226543438520496,-0.573987530380061,0.9738134206219312,roc_auc,0.004670858383178711,0.0030889511108398438,0.2550375461578369,0.004670858383178711,0.0030889511108398438,0.2550375461578369,1,True,105,8,1,1,23745,23745,23745,23745,0,0,TabularNeuralNetTorchModel,,roc_auc,"{'num_epochs': 1000, 'epochs_wo_improve': None, 'activation': 'relu', 'embedding_size_factor': 1.0, 'embed_exponent': 0.56, 'max_embedding_dim': 100, 'y_range': None, 'y_range_extend': 0.05, 'dropout_prob': 0.2211285919550286, 'optimizer': 'adam', 'learning_rate': 0.011307978270179143, 'weight_decay': 1.8441764217351068e-06, 'proc.embed_min_categories': 4, 'proc.impute_strategy': 'median', 'proc.max_category_levels': 100, 'proc.skew_threshold': 0.99, 'use_ngram_features': False, 'num_layers': 1, 'hidden_size': 196, 'max_batch_size': 512, 'use_batchnorm': True, 'loss_function': 'auto'}","{'batch_size': 32, 'num_epochs': 20}","{'max_memory_usage_ratio': 1.0, 'max_time_limit_ratio': 1.0, 'max_time_limit': None, 'min_time_limit': 0, 'valid_raw_types': ['bool', 'int', 'float', 'category'], 'valid_special_types': None, 'ignored_type_group_special': ['text_ngram', 'text_as_category'], 'ignored_type_group_raw': None, 'get_features_kwargs': None, 'get_features_kwargs_extra': None, 'predict_1_batch_size': None, 'temperature_scalar': None}","['dm-genero', 'dm-edad', 'CC-p1-Pd', 'FR-p1-Pd', 'St-p2-Pd', 'St-p1-Pd', 'Tv-08-Pd', 'Tv-11-Pd']",,,,,[],[]
80,NeuralNetFastAI_r191,0.7948717948717947,0.6666666666666666,0.5,0.7142857142857143,0.875,0.7948717948717947,0.6555555555555556,1.0,0.3333333333333333,-0.6229713874205651,-0.21118113914668588,0.9787234042553191,roc_auc,0.007815122604370117,0.004723310470581055,1.852123737335205,0.007815122604370117,0.004723310470581055,1.852123737335205,1,True,17,8,1,1,1372912,1372912,1372912,1372912,0,0,NNFastAiTabularModel,,log_loss,"{'layers': [800, 400], 'emb_drop': 0.5411770367537934, 'ps': 0.23782946566604385, 'bs': 256, 'lr': 0.01519848858318159, 'epochs': 43, 'early.stopping.min_delta': 0.0001, 'early.stopping.patience': 20, 'smoothing': 0.0}","{'epochs': 43, 'best_epoch': 33}","{'max_memory_usage_ratio': 1.0, 'max_time_limit_ratio': 1.0, 'max_time_limit': None, 'min_time_limit': 0, 'valid_raw_types': ['bool', 'int', 'float', 'category'], 'valid_special_types': None, 'ignored_type_group_special': ['text_ngram', 'text_as_category'], 'ignored_type_group_raw': None, 'get_features_kwargs': None, 'get_features_kwargs_extra': None, 'predict_1_batch_size': None, 'temperature_scalar': None}","['dm-genero', 'dm-edad', 'CC-p1-Pd', 'FR-p1-Pd', 'St-p2-Pd', 'St-p1-Pd', 'Tv-08-Pd', 'Tv-11-Pd']",,,,,[],[]
81,NeuralNetTorch_r76,0.7948717948717947,0.6282051282051282,0.4,0.6444444444444444,0.8125,0.7948717948717947,0.6555555555555556,0.5,0.3333333333333333,-0.5731015458241054,-0.13953776208501578,0.9738134206219312,roc_auc,0.007972478866577148,0.003060579299926758,0.14655447006225586,0.007972478866577148,0.003060579299926758,0.14655447006225586,1,True,90,8,1,1,23569,23569,23569,23569,0,0,TabularNeuralNetTorchModel,,roc_auc,"{'num_epochs': 1000, 'epochs_wo_improve': None, 'activation': 'relu', 'embedding_size_factor': 1.0, 'embed_exponent': 0.56, 'max_embedding_dim': 100, 'y_range': None, 'y_range_extend': 0.05, 'dropout_prob': 0.006531401073483156, 'optimizer': 'adam', 'learning_rate': 0.012418052210914356, 'weight_decay': 3.0406866089493607e-05, 'proc.embed_min_categories': 4, 'proc.impute_strategy': 'median', 'proc.max_category_levels': 100, 'proc.skew_threshold': 0.99, 'use_ngram_features': False, 'num_layers': 1, 'hidden_size': 192, 'max_batch_size': 512, 'use_batchnorm': True, 'loss_function': 'auto'}","{'batch_size': 32, 'num_epochs': 5}","{'max_memory_usage_ratio': 1.0, 'max_time_limit_ratio': 1.0, 'max_time_limit': None, 'min_time_limit': 0, 'valid_raw_types': ['bool', 'int', 'float', 'category'], 'valid_special_types': None, 'ignored_type_group_special': ['text_ngram', 'text_as_category'], 'ignored_type_group_raw': None, 'get_features_kwargs': None, 'get_features_kwargs_extra': None, 'predict_1_batch_size': None, 'temperature_scalar': None}","['dm-genero', 'dm-edad', 'CC-p1-Pd', 'FR-p1-Pd', 'St-p2-Pd', 'St-p1-Pd', 'Tv-08-Pd', 'Tv-11-Pd']",,,,,[],[]
82,NeuralNetTorch_r158,0.7948717948717947,0.7948717948717949,0.6666666666666666,0.7948717948717949,0.875,0.7948717948717947,0.6555555555555556,0.6666666666666666,0.6666666666666666,-0.5610434705181945,-0.12167176032558302,0.9721767594108021,roc_auc,0.008025407791137695,0.003391742706298828,0.4777853488922119,0.008025407791137695,0.003391742706298828,0.4777853488922119,1,True,51,8,1,1,236024,236024,236024,236024,0,0,TabularNeuralNetTorchModel,,roc_auc,"{'num_epochs': 1000, 'epochs_wo_improve': None, 'activation': 'elu', 'embedding_size_factor': 1.0, 'embed_exponent': 0.56, 'max_embedding_dim': 100, 'y_range': None, 'y_range_extend': 0.05, 'dropout_prob': 0.01030258381183309, 'optimizer': 'adam', 'learning_rate': 0.01845979186513771, 'weight_decay': 0.00020238017476912164, 'proc.embed_min_categories': 4, 'proc.impute_strategy': 'median', 'proc.max_category_levels': 100, 'proc.skew_threshold': 0.99, 'use_ngram_features': False, 'num_layers': 5, 'hidden_size': 111, 'max_batch_size': 512, 'use_batchnorm': True, 'loss_function': 'auto'}","{'batch_size': 32, 'num_epochs': 11}","{'max_memory_usage_ratio': 1.0, 'max_time_limit_ratio': 1.0, 'max_time_limit': None, 'min_time_limit': 0, 'valid_raw_types': ['bool', 'int', 'float', 'category'], 'valid_special_types': None, 'ignored_type_group_special': ['text_ngram', 'text_as_category'], 'ignored_type_group_raw': None, 'get_features_kwargs': None, 'get_features_kwargs_extra': None, 'predict_1_batch_size': None, 'temperature_scalar': None}","['dm-genero', 'dm-edad', 'CC-p1-Pd', 'FR-p1-Pd', 'St-p2-Pd', 'St-p1-Pd', 'Tv-08-Pd', 'Tv-11-Pd']",,,,,[],[]
83,NeuralNetFastAI_r172,0.7948717948717947,0.6282051282051282,0.4,0.6444444444444444,0.8125,0.7948717948717947,0.6555555555555556,0.5,0.3333333333333333,-1.0207165242670222,-0.6709704266439072,0.983633387888707,roc_auc,0.010915279388427734,0.004341840744018555,0.7370984554290771,0.010915279388427734,0.004341840744018555,0.7370984554290771,1,True,88,8,1,1,61910,61910,61910,61910,0,0,NNFastAiTabularModel,,log_loss,"{'layers': [400], 'emb_drop': 0.05604276533830355, 'ps': 0.022591301744255762, 'bs': 512, 'lr': 0.027320709383189166, 'epochs': 32, 'early.stopping.min_delta': 0.0001, 'early.stopping.patience': 20, 'smoothing': 0.0}","{'epochs': 32, 'best_epoch': 10}","{'max_memory_usage_ratio': 1.0, 'max_time_limit_ratio': 1.0, 'max_time_limit': None, 'min_time_limit': 0, 'valid_raw_types': ['bool', 'int', 'float', 'category'], 'valid_special_types': None, 'ignored_type_group_special': ['text_ngram', 'text_as_category'], 'ignored_type_group_raw': None, 'get_features_kwargs': None, 'get_features_kwargs_extra': None, 'predict_1_batch_size': None, 'temperature_scalar': None}","['dm-genero', 'dm-edad', 'CC-p1-Pd', 'FR-p1-Pd', 'St-p2-Pd', 'St-p1-Pd', 'Tv-08-Pd', 'Tv-11-Pd']",,,,,[],[]
84,NeuralNetFastAI_r4,0.7948717948717947,0.6666666666666666,0.5,0.7142857142857143,0.875,0.7948717948717947,0.6555555555555556,1.0,0.3333333333333333,-0.6867114463190694,-0.2976996162404919,0.9770867430441899,roc_auc,0.011077165603637695,0.0043332576751708984,0.9136993885040283,0.011077165603637695,0.0043332576751708984,0.9136993885040283,1,True,98,8,1,1,52427,52427,52427,52427,0,0,NNFastAiTabularModel,,log_loss,"{'layers': [200], 'emb_drop': 0.06099050979107849, 'ps': 0.5447097256648953, 'bs': 256, 'lr': 0.04119582873110387, 'epochs': 39, 'early.stopping.min_delta': 0.0001, 'early.stopping.patience': 20, 'smoothing': 0.0}","{'epochs': 39, 'best_epoch': 27}","{'max_memory_usage_ratio': 1.0, 'max_time_limit_ratio': 1.0, 'max_time_limit': None, 'min_time_limit': 0, 'valid_raw_types': ['bool', 'int', 'float', 'category'], 'valid_special_types': None, 'ignored_type_group_special': ['text_ngram', 'text_as_category'], 'ignored_type_group_raw': None, 'get_features_kwargs': None, 'get_features_kwargs_extra': None, 'predict_1_batch_size': None, 'temperature_scalar': None}","['dm-genero', 'dm-edad', 'CC-p1-Pd', 'FR-p1-Pd', 'St-p2-Pd', 'St-p1-Pd', 'Tv-08-Pd', 'Tv-11-Pd']",,,,,[],[]
85,NeuralNetFastAI_r95,0.7948717948717947,0.6666666666666666,0.5,0.7142857142857143,0.875,0.7948717948717947,0.6555555555555556,1.0,0.3333333333333333,-0.432453301325477,0.08287328244216231,0.9328968903436988,roc_auc,0.014290809631347656,0.003480195999145508,0.28486180305480957,0.014290809631347656,0.003480195999145508,0.28486180305480957,1,True,47,8,1,1,464133,464133,464133,464133,0,0,NNFastAiTabularModel,,log_loss,"{'layers': [400, 200, 100], 'emb_drop': 0.6656668277387758, 'ps': 0.04084945128641206, 'bs': 128, 'lr': 0.019326244622675428, 'epochs': 32, 'early.stopping.min_delta': 0.0001, 'early.stopping.patience': 20, 'smoothing': 0.0}","{'epochs': 32, 'best_epoch': 31}","{'max_memory_usage_ratio': 1.0, 'max_time_limit_ratio': 1.0, 'max_time_limit': None, 'min_time_limit': 0, 'valid_raw_types': ['bool', 'int', 'float', 'category'], 'valid_special_types': None, 'ignored_type_group_special': ['text_ngram', 'text_as_category'], 'ignored_type_group_raw': None, 'get_features_kwargs': None, 'get_features_kwargs_extra': None, 'predict_1_batch_size': None, 'temperature_scalar': None}","['dm-genero', 'dm-edad', 'CC-p1-Pd', 'FR-p1-Pd', 'St-p2-Pd', 'St-p1-Pd', 'Tv-08-Pd', 'Tv-11-Pd']",,,,,[],[]
86,NeuralNetFastAI_r127,0.7948717948717947,0.6282051282051282,0.4,0.6444444444444444,0.8125,0.7948717948717947,0.6555555555555556,0.5,0.3333333333333333,-0.5430449204579807,-0.09460043288446389,0.9819967266775778,roc_auc,0.02014923095703125,0.004442691802978516,0.6555414199829102,0.02014923095703125,0.004442691802978516,0.6555414199829102,1,True,93,8,1,1,132973,132973,132973,132973,0,0,NNFastAiTabularModel,,log_loss,"{'layers': [200, 100], 'emb_drop': 0.31956392388385874, 'ps': 0.0934076022219228, 'bs': 1024, 'lr': 0.08552736732040143, 'epochs': 25, 'early.stopping.min_delta': 0.0001, 'early.stopping.patience': 20, 'smoothing': 0.0}","{'epochs': 25, 'best_epoch': 10}","{'max_memory_usage_ratio': 1.0, 'max_time_limit_ratio': 1.0, 'max_time_limit': None, 'min_time_limit': 0, 'valid_raw_types': ['bool', 'int', 'float', 'category'], 'valid_special_types': None, 'ignored_type_group_special': ['text_ngram', 'text_as_category'], 'ignored_type_group_raw': None, 'get_features_kwargs': None, 'get_features_kwargs_extra': None, 'predict_1_batch_size': None, 'temperature_scalar': None}","['dm-genero', 'dm-edad', 'CC-p1-Pd', 'FR-p1-Pd', 'St-p2-Pd', 'St-p1-Pd', 'Tv-08-Pd', 'Tv-11-Pd']",,,,,[],[]
87,NeuralNetTorch_r197,0.7692307692307692,0.6282051282051282,0.4,0.6444444444444444,0.8125,0.7692307692307692,0.6,0.5,0.3333333333333333,-0.48874245493514556,-0.009908976503245728,0.9672667757774142,roc_auc,0.003593921661376953,0.003048419952392578,0.10631871223449707,0.003593921661376953,0.003048419952392578,0.10631871223449707,1,True,54,8,1,1,24233,24233,24233,24233,0,0,TabularNeuralNetTorchModel,,roc_auc,"{'num_epochs': 1000, 'epochs_wo_improve': None, 'activation': 'elu', 'embedding_size_factor': 1.0, 'embed_exponent': 0.56, 'max_embedding_dim': 100, 'y_range': None, 'y_range_extend': 0.05, 'dropout_prob': 0.18109219857068798, 'optimizer': 'adam', 'learning_rate': 0.00634181748507711, 'weight_decay': 5.3861175580695396e-08, 'proc.embed_min_categories': 4, 'proc.impute_strategy': 'median', 'proc.max_category_levels': 100, 'proc.skew_threshold': 0.99, 'use_ngram_features': False, 'num_layers': 1, 'hidden_size': 250, 'max_batch_size': 512, 'use_batchnorm': False, 'loss_function': 'auto'}","{'batch_size': 32, 'num_epochs': 2}","{'max_memory_usage_ratio': 1.0, 'max_time_limit_ratio': 1.0, 'max_time_limit': None, 'min_time_limit': 0, 'valid_raw_types': ['bool', 'int', 'float', 'category'], 'valid_special_types': None, 'ignored_type_group_special': ['text_ngram', 'text_as_category'], 'ignored_type_group_raw': None, 'get_features_kwargs': None, 'get_features_kwargs_extra': None, 'predict_1_batch_size': None, 'temperature_scalar': None}","['dm-genero', 'dm-edad', 'CC-p1-Pd', 'FR-p1-Pd', 'St-p2-Pd', 'St-p1-Pd', 'Tv-08-Pd', 'Tv-11-Pd']",,,,,[],[]
88,NeuralNetTorch_r79,0.7692307692307692,0.6282051282051282,0.4,0.6444444444444444,0.8125,0.7692307692307692,0.4888888888888889,0.5,0.3333333333333333,-0.5001233537901211,-0.0280416977514004,0.9574468085106382,roc_auc,0.006012678146362305,0.003231525421142578,0.3119029998779297,0.006012678146362305,0.003231525421142578,0.3119029998779297,1,True,15,8,1,1,173819,173819,173819,173819,0,0,TabularNeuralNetTorchModel,,roc_auc,"{'num_epochs': 1000, 'epochs_wo_improve': None, 'activation': 'elu', 'embedding_size_factor': 1.0, 'embed_exponent': 0.56, 'max_embedding_dim': 100, 'y_range': None, 'y_range_extend': 0.05, 'dropout_prob': 0.10077639529843717, 'optimizer': 'adam', 'learning_rate': 0.002735937344002146, 'weight_decay': 1.356433327634438e-12, 'proc.embed_min_categories': 4, 'proc.impute_strategy': 'median', 'proc.max_category_levels': 100, 'proc.skew_threshold': 0.99, 'use_ngram_features': False, 'num_layers': 4, 'hidden_size': 108, 'max_batch_size': 512, 'use_batchnorm': True, 'loss_function': 'auto'}","{'batch_size': 32, 'num_epochs': 5}","{'max_memory_usage_ratio': 1.0, 'max_time_limit_ratio': 1.0, 'max_time_limit': None, 'min_time_limit': 0, 'valid_raw_types': ['bool', 'int', 'float', 'category'], 'valid_special_types': None, 'ignored_type_group_special': ['text_ngram', 'text_as_category'], 'ignored_type_group_raw': None, 'get_features_kwargs': None, 'get_features_kwargs_extra': None, 'predict_1_batch_size': None, 'temperature_scalar': None}","['dm-genero', 'dm-edad', 'CC-p1-Pd', 'FR-p1-Pd', 'St-p2-Pd', 'St-p1-Pd', 'Tv-08-Pd', 'Tv-11-Pd']",,,,,[],[]
89,NeuralNetFastAI_r65,0.7692307692307692,0.6282051282051282,0.4,0.6444444444444444,0.8125,0.7692307692307692,0.6464646464646464,0.5,0.3333333333333333,-0.39841622780139296,0.14156387050950198,0.9492635024549919,roc_auc,0.007589101791381836,0.004356861114501953,0.9135675430297852,0.007589101791381836,0.004356861114501953,0.9135675430297852,1,True,67,8,1,1,63427,63427,63427,63427,0,0,NNFastAiTabularModel,,log_loss,"{'layers': [400], 'emb_drop': 0.22771721361129746, 'ps': 0.3734259772256502, 'bs': 1024, 'lr': 0.0005383511954451698, 'epochs': 38, 'early.stopping.min_delta': 0.0001, 'early.stopping.patience': 20, 'smoothing': 0.0}","{'epochs': 38, 'best_epoch': 25}","{'max_memory_usage_ratio': 1.0, 'max_time_limit_ratio': 1.0, 'max_time_limit': None, 'min_time_limit': 0, 'valid_raw_types': ['bool', 'int', 'float', 'category'], 'valid_special_types': None, 'ignored_type_group_special': ['text_ngram', 'text_as_category'], 'ignored_type_group_raw': None, 'get_features_kwargs': None, 'get_features_kwargs_extra': None, 'predict_1_batch_size': None, 'temperature_scalar': None}","['dm-genero', 'dm-edad', 'CC-p1-Pd', 'FR-p1-Pd', 'St-p2-Pd', 'St-p1-Pd', 'Tv-08-Pd', 'Tv-11-Pd']",,,,,[],[]
90,NeuralNetTorch_r135,0.7692307692307692,0.5897435897435898,0.3333333333333333,0.5897435897435898,0.75,0.7692307692307692,0.6,0.3333333333333333,0.3333333333333333,-0.5087473202901267,-0.04164532589509314,0.9787234042553191,roc_auc,0.014267921447753906,0.0033910274505615234,0.37923407554626465,0.014267921447753906,0.0033910274505615234,0.37923407554626465,1,True,97,8,1,1,374766,374766,374766,374766,0,0,TabularNeuralNetTorchModel,,roc_auc,"{'num_epochs': 1000, 'epochs_wo_improve': None, 'activation': 'elu', 'embedding_size_factor': 1.0, 'embed_exponent': 0.56, 'max_embedding_dim': 100, 'y_range': None, 'y_range_extend': 0.05, 'dropout_prob': 0.06134755114373829, 'optimizer': 'adam', 'learning_rate': 0.005834535148903801, 'weight_decay': 2.0826540090463355e-09, 'proc.embed_min_categories': 4, 'proc.impute_strategy': 'median', 'proc.max_category_levels': 100, 'proc.skew_threshold': 0.99, 'use_ngram_features': False, 'num_layers': 5, 'hidden_size': 144, 'max_batch_size': 512, 'use_batchnorm': True, 'loss_function': 'auto'}","{'batch_size': 32, 'num_epochs': 5}","{'max_memory_usage_ratio': 1.0, 'max_time_limit_ratio': 1.0, 'max_time_limit': None, 'min_time_limit': 0, 'valid_raw_types': ['bool', 'int', 'float', 'category'], 'valid_special_types': None, 'ignored_type_group_special': ['text_ngram', 'text_as_category'], 'ignored_type_group_raw': None, 'get_features_kwargs': None, 'get_features_kwargs_extra': None, 'predict_1_batch_size': None, 'temperature_scalar': None}","['dm-genero', 'dm-edad', 'CC-p1-Pd', 'FR-p1-Pd', 'St-p2-Pd', 'St-p1-Pd', 'Tv-08-Pd', 'Tv-11-Pd']",,,,,[],[]
91,NeuralNetFastAI_r194,0.7692307692307692,0.6282051282051282,0.4,0.6444444444444444,0.8125,0.7692307692307692,0.6464646464646464,0.5,0.3333333333333333,-0.42071238690041085,0.10289312581717612,0.9721767594108021,roc_auc,0.017461299896240234,0.004625797271728516,0.6595532894134521,0.017461299896240234,0.004625797271728516,0.6595532894134521,1,True,95,8,1,1,467702,467702,467702,467702,0,0,NNFastAiTabularModel,,log_loss,"{'layers': [400, 200, 100], 'emb_drop': 0.5117456464220826, 'ps': 0.2747013981281539, 'bs': 256, 'lr': 0.007212882302137526, 'epochs': 21, 'early.stopping.min_delta': 0.0001, 'early.stopping.patience': 20, 'smoothing': 0.0}","{'epochs': 21, 'best_epoch': 11}","{'max_memory_usage_ratio': 1.0, 'max_time_limit_ratio': 1.0, 'max_time_limit': None, 'min_time_limit': 0, 'valid_raw_types': ['bool', 'int', 'float', 'category'], 'valid_special_types': None, 'ignored_type_group_special': ['text_ngram', 'text_as_category'], 'ignored_type_group_raw': None, 'get_features_kwargs': None, 'get_features_kwargs_extra': None, 'predict_1_batch_size': None, 'temperature_scalar': None}","['dm-genero', 'dm-edad', 'CC-p1-Pd', 'FR-p1-Pd', 'St-p2-Pd', 'St-p1-Pd', 'Tv-08-Pd', 'Tv-11-Pd']",,,,,[],[]
92,NeuralNetTorch_r41,0.7692307692307692,0.6666666666666666,0.5,0.7142857142857143,0.875,0.7692307692307692,0.75,1.0,0.3333333333333333,-0.7196962512204915,-0.34035293599559024,0.9738134206219312,roc_auc,0.025482654571533203,0.0032148361206054688,0.4486997127532959,0.025482654571533203,0.0032148361206054688,0.4486997127532959,1,True,48,8,1,1,38218,38218,38218,38218,0,0,TabularNeuralNetTorchModel,,roc_auc,"{'num_epochs': 1000, 'epochs_wo_improve': None, 'activation': 'relu', 'embedding_size_factor': 1.0, 'embed_exponent': 0.56, 'max_embedding_dim': 100, 'y_range': None, 'y_range_extend': 0.05, 'dropout_prob': 0.05488816803887784, 'optimizer': 'adam', 'learning_rate': 0.0075612897834015985, 'weight_decay': 1.652353009917866e-08, 'proc.embed_min_categories': 4, 'proc.impute_strategy': 'median', 'proc.max_category_levels': 100, 'proc.skew_threshold': 0.99, 'use_ngram_features': False, 'num_layers': 4, 'hidden_size': 32, 'max_batch_size': 512, 'use_batchnorm': True, 'loss_function': 'auto'}","{'batch_size': 32, 'num_epochs': 18}","{'max_memory_usage_ratio': 1.0, 'max_time_limit_ratio': 1.0, 'max_time_limit': None, 'min_time_limit': 0, 'valid_raw_types': ['bool', 'int', 'float', 'category'], 'valid_special_types': None, 'ignored_type_group_special': ['text_ngram', 'text_as_category'], 'ignored_type_group_raw': None, 'get_features_kwargs': None, 'get_features_kwargs_extra': None, 'predict_1_batch_size': None, 'temperature_scalar': None}","['dm-genero', 'dm-edad', 'CC-p1-Pd', 'FR-p1-Pd', 'St-p2-Pd', 'St-p1-Pd', 'Tv-08-Pd', 'Tv-11-Pd']",,,,,[],[]
93,ExtraTrees_r126,0.7692307692307692,0.6666666666666666,0.5,0.7142857142857143,0.875,0.7692307692307692,0.5777777777777777,1.0,0.3333333333333333,-0.4091095173990662,0.12290969942612855,0.9476268412438625,roc_auc,0.031542301177978516,0.06595873832702637,0.7412271499633789,0.031542301177978516,0.06595873832702637,0.7412271499633789,1,True,99,8,1,1,1498346,1498346,1498346,1498346,0,0,XTModel,,log_loss,"{'n_estimators': 300, 'max_leaf_nodes': 29702, 'n_jobs': -1, 'random_state': 0, 'bootstrap': True, 'max_features': 'sqrt', 'min_samples_leaf': 2}",{'n_estimators': 300},"{'max_memory_usage_ratio': 1.0, 'max_time_limit_ratio': 1.0, 'max_time_limit': None, 'min_time_limit': 0, 'valid_raw_types': ['bool', 'int', 'float', 'category'], 'valid_special_types': None, 'ignored_type_group_special': None, 'ignored_type_group_raw': None, 'get_features_kwargs': None, 'get_features_kwargs_extra': None, 'predict_1_batch_size': None, 'temperature_scalar': None}","['dm-genero', 'dm-edad', 'CC-p1-Pd', 'FR-p1-Pd', 'St-p2-Pd', 'St-p1-Pd', 'Tv-08-Pd', 'Tv-11-Pd']",,,,,[],[]
94,KNeighborsUnif,0.769230769230769,0.6666666666666666,0.5,0.7142857142857143,0.875,0.769230769230769,0.5625,1.0,0.3333333333333333,-2.3076878419210267,-0.8499736139715348,0.9566284779050737,roc_auc,0.017190217971801758,0.015137672424316406,0.006514072418212891,0.017190217971801758,0.015137672424316406,0.006514072418212891,1,True,1,7,1,1,28045,28045,28045,28045,0,1,KNNModel,,log_loss,{'weights': 'uniform'},{},"{'max_memory_usage_ratio': 1.0, 'max_time_limit_ratio': 1.0, 'max_time_limit': None, 'min_time_limit': 0, 'valid_raw_types': ['int', 'float'], 'valid_special_types': None, 'ignored_type_group_special': ['bool'], 'ignored_type_group_raw': None, 'get_features_kwargs': None, 'get_features_kwargs_extra': None, 'predict_1_batch_size': None, 'temperature_scalar': None}","['dm-edad', 'CC-p1-Pd', 'FR-p1-Pd', 'St-p2-Pd', 'St-p1-Pd', 'Tv-08-Pd', 'Tv-11-Pd']",,,,,[],['WeightedEnsemble_L2']
95,KNeighborsDist,0.769230769230769,0.6666666666666666,0.5,0.7142857142857143,0.875,0.769230769230769,0.6180555555555556,1.0,0.3333333333333333,-2.3090160075379953,-0.8509852951612433,0.9476268412438625,roc_auc,0.019528865814208984,0.013753175735473633,0.004873514175415039,0.019528865814208984,0.013753175735473633,0.004873514175415039,1,True,2,7,1,1,28046,28046,28046,28046,0,0,KNNModel,,log_loss,{'weights': 'distance'},{},"{'max_memory_usage_ratio': 1.0, 'max_time_limit_ratio': 1.0, 'max_time_limit': None, 'min_time_limit': 0, 'valid_raw_types': ['int', 'float'], 'valid_special_types': None, 'ignored_type_group_special': ['bool'], 'ignored_type_group_raw': None, 'get_features_kwargs': None, 'get_features_kwargs_extra': None, 'predict_1_batch_size': None, 'temperature_scalar': None}","['dm-edad', 'CC-p1-Pd', 'FR-p1-Pd', 'St-p2-Pd', 'St-p1-Pd', 'Tv-08-Pd', 'Tv-11-Pd']",,,,,[],[]
96,NeuralNetTorch_r14,0.7435897435897435,0.5000000000000002,0.0,0.4482758620689655,0.8125,0.7435897435897435,0.6388888888888888,0.0,0.0,-0.4182871950169812,0.10705756215422023,0.9656301145662848,roc_auc,0.013517141342163086,0.006348848342895508,0.2419567108154297,0.013517141342163086,0.006348848342895508,0.2419567108154297,1,True,39,8,1,1,19784,19784,19784,19784,0,0,TabularNeuralNetTorchModel,,roc_auc,"{'num_epochs': 1000, 'epochs_wo_improve': None, 'activation': 'relu', 'embedding_size_factor': 1.0, 'embed_exponent': 0.56, 'max_embedding_dim': 100, 'y_range': None, 'y_range_extend': 0.05, 'dropout_prob': 0.3905837860053583, 'optimizer': 'adam', 'learning_rate': 0.0018297905295930797, 'weight_decay': 9.178069874232892e-08, 'proc.embed_min_categories': 4, 'proc.impute_strategy': 'median', 'proc.max_category_levels': 100, 'proc.skew_threshold': 0.99, 'use_ngram_features': False, 'num_layers': 1, 'hidden_size': 106, 'max_batch_size': 512, 'use_batchnorm': True, 'loss_function': 'auto'}","{'batch_size': 32, 'num_epochs': 2}","{'max_memory_usage_ratio': 1.0, 'max_time_limit_ratio': 1.0, 'max_time_limit': None, 'min_time_limit': 0, 'valid_raw_types': ['bool', 'int', 'float', 'category'], 'valid_special_types': None, 'ignored_type_group_special': ['text_ngram', 'text_as_category'], 'ignored_type_group_raw': None, 'get_features_kwargs': None, 'get_features_kwargs_extra': None, 'predict_1_batch_size': None, 'temperature_scalar': None}","['dm-genero', 'dm-edad', 'CC-p1-Pd', 'FR-p1-Pd', 'St-p2-Pd', 'St-p1-Pd', 'Tv-08-Pd', 'Tv-11-Pd']",,,,,[],[]
97,NeuralNetTorch_r87,0.7435897435897435,0.6666666666666666,0.5,0.7142857142857143,0.875,0.7435897435897435,0.5909090909090908,1.0,0.3333333333333333,-0.8861445977272195,-0.5353796897586305,0.9819967266775776,roc_auc,0.01766490936279297,0.00318145751953125,0.2499229907989502,0.01766490936279297,0.00318145751953125,0.2499229907989502,1,True,72,8,1,1,100306,100306,100306,100306,0,0,TabularNeuralNetTorchModel,,roc_auc,"{'num_epochs': 1000, 'epochs_wo_improve': None, 'activation': 'relu', 'embedding_size_factor': 1.0, 'embed_exponent': 0.56, 'max_embedding_dim': 100, 'y_range': None, 'y_range_extend': 0.05, 'dropout_prob': 0.36669080773207274, 'optimizer': 'adam', 'learning_rate': 0.015280159186761077, 'weight_decay': 1.3082489374636015e-08, 'proc.embed_min_categories': 4, 'proc.impute_strategy': 'median', 'proc.max_category_levels': 100, 'proc.skew_threshold': 0.99, 'use_ngram_features': False, 'num_layers': 3, 'hidden_size': 95, 'max_batch_size': 512, 'use_batchnorm': True, 'loss_function': 'auto'}","{'batch_size': 32, 'num_epochs': 5}","{'max_memory_usage_ratio': 1.0, 'max_time_limit_ratio': 1.0, 'max_time_limit': None, 'min_time_limit': 0, 'valid_raw_types': ['bool', 'int', 'float', 'category'], 'valid_special_types': None, 'ignored_type_group_special': ['text_ngram', 'text_as_category'], 'ignored_type_group_raw': None, 'get_features_kwargs': None, 'get_features_kwargs_extra': None, 'predict_1_batch_size': None, 'temperature_scalar': None}","['dm-genero', 'dm-edad', 'CC-p1-Pd', 'FR-p1-Pd', 'St-p2-Pd', 'St-p1-Pd', 'Tv-08-Pd', 'Tv-11-Pd']",,,,,[],[]
98,ExtraTreesEntr,0.7435897435897435,0.6666666666666666,0.5,0.7142857142857143,0.875,0.7435897435897435,0.5555555555555556,1.0,0.3333333333333333,-0.39108826618878034,0.1544632533248297,0.960720130932897,roc_auc,0.06364822387695312,0.06629323959350586,0.6780910491943359,0.06364822387695312,0.06629323959350586,0.6780910491943359,1,True,9,8,1,1,2969097,2969097,2969097,2969097,0,0,XTModel,,log_loss,"{'n_estimators': 300, 'max_leaf_nodes': 15000, 'n_jobs': -1, 'random_state': 0, 'bootstrap': True, 'criterion': 'entropy'}",{'n_estimators': 300},"{'max_memory_usage_ratio': 1.0, 'max_time_limit_ratio': 1.0, 'max_time_limit': None, 'min_time_limit': 0, 'valid_raw_types': ['bool', 'int', 'float', 'category'], 'valid_special_types': None, 'ignored_type_group_special': None, 'ignored_type_group_raw': None, 'get_features_kwargs': None, 'get_features_kwargs_extra': None, 'predict_1_batch_size': None, 'temperature_scalar': None}","['dm-genero', 'dm-edad', 'CC-p1-Pd', 'FR-p1-Pd', 'St-p2-Pd', 'St-p1-Pd', 'Tv-08-Pd', 'Tv-11-Pd']",,,,,[],[]
99,ExtraTrees_r49,0.717948717948718,0.6666666666666666,0.5,0.7142857142857143,0.875,0.717948717948718,0.5396825396825397,1.0,0.3333333333333333,-0.4106851089843748,0.12017788773341043,0.9607201309328969,roc_auc,0.040846824645996094,0.06725358963012695,0.7644567489624023,0.040846824645996094,0.06725358963012695,0.7644567489624023,1,True,56,8,1,1,2958877,2958877,2958877,2958877,0,0,XTModel,,log_loss,"{'n_estimators': 300, 'max_leaf_nodes': 28532, 'n_jobs': -1, 'random_state': 0, 'bootstrap': True, 'max_features': 'sqrt', 'min_samples_leaf': 1}",{'n_estimators': 300},"{'max_memory_usage_ratio': 1.0, 'max_time_limit_ratio': 1.0, 'max_time_limit': None, 'min_time_limit': 0, 'valid_raw_types': ['bool', 'int', 'float', 'category'], 'valid_special_types': None, 'ignored_type_group_special': None, 'ignored_type_group_raw': None, 'get_features_kwargs': None, 'get_features_kwargs_extra': None, 'predict_1_batch_size': None, 'temperature_scalar': None}","['dm-genero', 'dm-edad', 'CC-p1-Pd', 'FR-p1-Pd', 'St-p2-Pd', 'St-p1-Pd', 'Tv-08-Pd', 'Tv-11-Pd']",,,,,[],[]
100,ExtraTreesGini,0.717948717948718,0.6666666666666666,0.5,0.7142857142857143,0.875,0.717948717948718,0.5396825396825397,1.0,0.3333333333333333,-0.4106851089843748,0.12017788773341043,0.9607201309328969,roc_auc,0.054270267486572266,0.07027173042297363,0.667971134185791,0.054270267486572266,0.07027173042297363,0.667971134185791,1,True,8,8,1,1,2958858,2958858,2958858,2958858,0,0,XTModel,,log_loss,"{'n_estimators': 300, 'max_leaf_nodes': 15000, 'n_jobs': -1, 'random_state': 0, 'bootstrap': True, 'criterion': 'gini'}",{'n_estimators': 300},"{'max_memory_usage_ratio': 1.0, 'max_time_limit_ratio': 1.0, 'max_time_limit': None, 'min_time_limit': 0, 'valid_raw_types': ['bool', 'int', 'float', 'category'], 'valid_special_types': None, 'ignored_type_group_special': None, 'ignored_type_group_raw': None, 'get_features_kwargs': None, 'get_features_kwargs_extra': None, 'predict_1_batch_size': None, 'temperature_scalar': None}","['dm-genero', 'dm-edad', 'CC-p1-Pd', 'FR-p1-Pd', 'St-p2-Pd', 'St-p1-Pd', 'Tv-08-Pd', 'Tv-11-Pd']",,,,,[],[]
101,NeuralNetTorch_r89,0.7179487179487178,0.6282051282051282,0.4,0.6444444444444444,0.8125,0.7179487179487178,0.6324786324786326,0.5,0.3333333333333333,-1.4438305634491067,-0.8585632894148052,0.9770867430441899,roc_auc,0.005210399627685547,0.006819725036621094,0.8950901031494141,0.005210399627685547,0.006819725036621094,0.8950901031494141,1,True,110,8,1,1,520916,520916,520916,520916,0,0,TabularNeuralNetTorchModel,,roc_auc,"{'num_epochs': 1000, 'epochs_wo_improve': None, 'activation': 'relu', 'embedding_size_factor': 1.0, 'embed_exponent': 0.56, 'max_embedding_dim': 100, 'y_range': None, 'y_range_extend': 0.05, 'dropout_prob': 0.33567564890346097, 'optimizer': 'adam', 'learning_rate': 0.006746560197328548, 'weight_decay': 1.6470047305392933e-10, 'proc.embed_min_categories': 4, 'proc.impute_strategy': 'median', 'proc.max_category_levels': 100, 'proc.skew_threshold': 0.99, 'use_ngram_features': False, 'num_layers': 3, 'hidden_size': 245, 'max_batch_size': 512, 'use_batchnorm': True, 'loss_function': 'auto'}","{'batch_size': 32, 'num_epochs': 11}","{'max_memory_usage_ratio': 1.0, 'max_time_limit_ratio': 1.0, 'max_time_limit': None, 'min_time_limit': 0, 'valid_raw_types': ['bool', 'int', 'float', 'category'], 'valid_special_types': None, 'ignored_type_group_special': ['text_ngram', 'text_as_category'], 'ignored_type_group_raw': None, 'get_features_kwargs': None, 'get_features_kwargs_extra': None, 'predict_1_batch_size': None, 'temperature_scalar': None}","['dm-genero', 'dm-edad', 'CC-p1-Pd', 'FR-p1-Pd', 'St-p2-Pd', 'St-p1-Pd', 'Tv-08-Pd', 'Tv-11-Pd']",,,,,[],[]
102,NeuralNetTorch_r143,0.7179487179487178,0.6282051282051282,0.4,0.6444444444444444,0.8125,0.7179487179487178,0.5833333333333333,0.5,0.3333333333333333,-0.5119804490181457,-0.0467151760248506,0.9639934533551555,roc_auc,0.007359027862548828,0.003514528274536133,0.6160287857055664,0.007359027862548828,0.003514528274536133,0.6160287857055664,1,True,62,8,1,1,770526,770526,770526,770526,0,0,TabularNeuralNetTorchModel,,roc_auc,"{'num_epochs': 1000, 'epochs_wo_improve': None, 'activation': 'elu', 'embedding_size_factor': 1.0, 'embed_exponent': 0.56, 'max_embedding_dim': 100, 'y_range': None, 'y_range_extend': 0.05, 'dropout_prob': 0.1703783780377607, 'optimizer': 'adam', 'learning_rate': 0.0004107199833213839, 'weight_decay': 1.105439140660822e-07, 'proc.embed_min_categories': 4, 'proc.impute_strategy': 'median', 'proc.max_category_levels': 100, 'proc.skew_threshold': 0.99, 'use_ngram_features': False, 'num_layers': 5, 'hidden_size': 212, 'max_batch_size': 512, 'use_batchnorm': True, 'loss_function': 'auto'}","{'batch_size': 32, 'num_epochs': 13}","{'max_memory_usage_ratio': 1.0, 'max_time_limit_ratio': 1.0, 'max_time_limit': None, 'min_time_limit': 0, 'valid_raw_types': ['bool', 'int', 'float', 'category'], 'valid_special_types': None, 'ignored_type_group_special': ['text_ngram', 'text_as_category'], 'ignored_type_group_raw': None, 'get_features_kwargs': None, 'get_features_kwargs_extra': None, 'predict_1_batch_size': None, 'temperature_scalar': None}","['dm-genero', 'dm-edad', 'CC-p1-Pd', 'FR-p1-Pd', 'St-p2-Pd', 'St-p1-Pd', 'Tv-08-Pd', 'Tv-11-Pd']",,,,,[],[]
103,NeuralNetTorch_r30,0.7179487179487178,0.6666666666666666,0.5,0.7142857142857143,0.875,0.7179487179487178,0.5444444444444445,1.0,0.3333333333333333,-0.5471011528803202,-0.10074416761066915,0.9705400981996727,roc_auc,0.016428232192993164,0.0034482479095458984,0.5640623569488525,0.016428232192993164,0.0034482479095458984,0.5640623569488525,1,True,30,8,1,1,449344,449344,449344,449344,0,0,TabularNeuralNetTorchModel,,roc_auc,"{'num_epochs': 1000, 'epochs_wo_improve': None, 'activation': 'elu', 'embedding_size_factor': 1.0, 'embed_exponent': 0.56, 'max_embedding_dim': 100, 'y_range': None, 'y_range_extend': 0.05, 'dropout_prob': 0.24622382571353768, 'optimizer': 'adam', 'learning_rate': 0.008507536855608535, 'weight_decay': 1.8201539594953562e-06, 'proc.embed_min_categories': 4, 'proc.impute_strategy': 'median', 'proc.max_category_levels': 100, 'proc.skew_threshold': 0.99, 'use_ngram_features': False, 'num_layers': 5, 'hidden_size': 159, 'max_batch_size': 512, 'use_batchnorm': True, 'loss_function': 'auto'}","{'batch_size': 32, 'num_epochs': 13}","{'max_memory_usage_ratio': 1.0, 'max_time_limit_ratio': 1.0, 'max_time_limit': None, 'min_time_limit': 0, 'valid_raw_types': ['bool', 'int', 'float', 'category'], 'valid_special_types': None, 'ignored_type_group_special': ['text_ngram', 'text_as_category'], 'ignored_type_group_raw': None, 'get_features_kwargs': None, 'get_features_kwargs_extra': None, 'predict_1_batch_size': None, 'temperature_scalar': None}","['dm-genero', 'dm-edad', 'CC-p1-Pd', 'FR-p1-Pd', 'St-p2-Pd', 'St-p1-Pd', 'Tv-08-Pd', 'Tv-11-Pd']",,,,,[],[]
104,ExtraTrees_r4,0.7179487179487178,0.5897435897435898,0.3333333333333333,0.5897435897435898,0.75,0.7179487179487178,0.5396825396825397,0.3333333333333333,0.3333333333333333,-0.48215396290850204,0.0006830413947614157,0.9476268412438625,roc_auc,0.029837846755981445,0.06243586540222168,0.6696937084197998,0.029837846755981445,0.06243586540222168,0.6696937084197998,1,True,66,8,1,1,303425,303425,303425,303425,0,0,XTModel,,log_loss,"{'n_estimators': 300, 'max_leaf_nodes': 19935, 'n_jobs': -1, 'random_state': 0, 'bootstrap': True, 'max_features': 1.0, 'min_samples_leaf': 20}",{'n_estimators': 300},"{'max_memory_usage_ratio': 1.0, 'max_time_limit_ratio': 1.0, 'max_time_limit': None, 'min_time_limit': 0, 'valid_raw_types': ['bool', 'int', 'float', 'category'], 'valid_special_types': None, 'ignored_type_group_special': None, 'ignored_type_group_raw': None, 'get_features_kwargs': None, 'get_features_kwargs_extra': None, 'predict_1_batch_size': None, 'temperature_scalar': None}","['dm-genero', 'dm-edad', 'CC-p1-Pd', 'FR-p1-Pd', 'St-p2-Pd', 'St-p1-Pd', 'Tv-08-Pd', 'Tv-11-Pd']",,,,,[],[]
105,NeuralNetFastAI_r100,0.6666666666666665,0.6282051282051282,0.4,0.6444444444444444,0.8125,0.6666666666666665,0.6222222222222222,0.5,0.3333333333333333,-0.4490710245581372,0.054936712619941167,0.9770867430441899,roc_auc,0.012416601181030273,0.004656553268432617,1.4857749938964844,0.012416601181030273,0.004656553268432617,1.4857749938964844,1,True,101,8,1,1,1371827,1371827,1371827,1371827,0,0,NNFastAiTabularModel,,log_loss,"{'layers': [800, 400], 'emb_drop': 0.6960805527533755, 'ps': 0.20495582200836318, 'bs': 2048, 'lr': 0.0007278526871749883, 'epochs': 38, 'early.stopping.min_delta': 0.0001, 'early.stopping.patience': 20, 'smoothing': 0.0}","{'epochs': 38, 'best_epoch': 29}","{'max_memory_usage_ratio': 1.0, 'max_time_limit_ratio': 1.0, 'max_time_limit': None, 'min_time_limit': 0, 'valid_raw_types': ['bool', 'int', 'float', 'category'], 'valid_special_types': None, 'ignored_type_group_special': ['text_ngram', 'text_as_category'], 'ignored_type_group_raw': None, 'get_features_kwargs': None, 'get_features_kwargs_extra': None, 'predict_1_batch_size': None, 'temperature_scalar': None}","['dm-genero', 'dm-edad', 'CC-p1-Pd', 'FR-p1-Pd', 'St-p2-Pd', 'St-p1-Pd', 'Tv-08-Pd', 'Tv-11-Pd']",,,,,[],[]
106,NeuralNetFastAI_r145,0.6666666666666665,0.6666666666666666,0.5,0.7142857142857143,0.875,0.6666666666666665,0.5435897435897437,1.0,0.3333333333333333,-0.4187684877745924,0.10623015563754287,0.9770867430441899,roc_auc,0.015405654907226562,0.0035130977630615234,0.2730140686035156,0.015405654907226562,0.0035130977630615234,0.2730140686035156,1,True,28,8,1,1,464104,464104,464104,464104,0,0,NNFastAiTabularModel,,log_loss,"{'layers': [400, 200, 100], 'emb_drop': 0.44339037504795686, 'ps': 0.19220253419114286, 'bs': 128, 'lr': 0.008615195908919904, 'epochs': 31, 'early.stopping.min_delta': 0.0001, 'early.stopping.patience': 20, 'smoothing': 0.0}","{'epochs': 31, 'best_epoch': 25}","{'max_memory_usage_ratio': 1.0, 'max_time_limit_ratio': 1.0, 'max_time_limit': None, 'min_time_limit': 0, 'valid_raw_types': ['bool', 'int', 'float', 'category'], 'valid_special_types': None, 'ignored_type_group_special': ['text_ngram', 'text_as_category'], 'ignored_type_group_raw': None, 'get_features_kwargs': None, 'get_features_kwargs_extra': None, 'predict_1_batch_size': None, 'temperature_scalar': None}","['dm-genero', 'dm-edad', 'CC-p1-Pd', 'FR-p1-Pd', 'St-p2-Pd', 'St-p1-Pd', 'Tv-08-Pd', 'Tv-11-Pd']",,,,,[],[]
107,NeuralNetFastAI_r88,0.6153846153846153,0.6666666666666666,0.5,0.7142857142857143,0.875,0.6153846153846153,0.5333333333333333,1.0,0.3333333333333333,-0.5781097452393751,-0.14689489142628814,0.97708674304419,roc_auc,0.013608694076538086,0.004359006881713867,0.5526649951934814,0.013608694076538086,0.004359006881713867,0.5526649951934814,1,True,68,8,1,1,60172,60172,60172,60172,0,0,NNFastAiTabularModel,,log_loss,"{'layers': [400], 'emb_drop': 0.4329361816589235, 'ps': 0.2863378667611431, 'bs': 1024, 'lr': 0.09501311551121323, 'epochs': 50, 'early.stopping.min_delta': 0.0001, 'early.stopping.patience': 20, 'smoothing': 0.0}","{'epochs': 50, 'best_epoch': 2}","{'max_memory_usage_ratio': 1.0, 'max_time_limit_ratio': 1.0, 'max_time_limit': None, 'min_time_limit': 0, 'valid_raw_types': ['bool', 'int', 'float', 'category'], 'valid_special_types': None, 'ignored_type_group_special': ['text_ngram', 'text_as_category'], 'ignored_type_group_raw': None, 'get_features_kwargs': None, 'get_features_kwargs_extra': None, 'predict_1_batch_size': None, 'temperature_scalar': None}","['dm-genero', 'dm-edad', 'CC-p1-Pd', 'FR-p1-Pd', 'St-p2-Pd', 'St-p1-Pd', 'Tv-08-Pd', 'Tv-11-Pd']",,,,,[],[]
108,NeuralNetTorch_r185,0.5897435897435896,0.6666666666666666,0.5,0.7142857142857143,0.875,0.5897435897435896,0.5291666666666667,1.0,0.3333333333333333,-1.3322560445044787,-0.9229373537094231,0.9901800327332242,roc_auc,0.01749706268310547,0.003293752670288086,0.5168468952178955,0.01749706268310547,0.003293752670288086,0.5168468952178955,1,True,78,8,1,1,311948,311948,311948,311948,0,1,TabularNeuralNetTorchModel,,roc_auc,"{'num_epochs': 1000, 'epochs_wo_improve': None, 'activation': 'relu', 'embedding_size_factor': 1.0, 'embed_exponent': 0.56, 'max_embedding_dim': 100, 'y_range': None, 'y_range_extend': 0.05, 'dropout_prob': 0.12166942295569863, 'optimizer': 'adam', 'learning_rate': 0.0018866871631794007, 'weight_decay': 9.190843763153802e-05, 'proc.embed_min_categories': 4, 'proc.impute_strategy': 'median', 'proc.max_category_levels': 100, 'proc.skew_threshold': 0.99, 'use_ngram_features': False, 'num_layers': 4, 'hidden_size': 151, 'max_batch_size': 512, 'use_batchnorm': True, 'loss_function': 'auto'}","{'batch_size': 32, 'num_epochs': 16}","{'max_memory_usage_ratio': 1.0, 'max_time_limit_ratio': 1.0, 'max_time_limit': None, 'min_time_limit': 0, 'valid_raw_types': ['bool', 'int', 'float', 'category'], 'valid_special_types': None, 'ignored_type_group_special': ['text_ngram', 'text_as_category'], 'ignored_type_group_raw': None, 'get_features_kwargs': None, 'get_features_kwargs_extra': None, 'predict_1_batch_size': None, 'temperature_scalar': None}","['dm-genero', 'dm-edad', 'CC-p1-Pd', 'FR-p1-Pd', 'St-p2-Pd', 'St-p1-Pd', 'Tv-08-Pd', 'Tv-11-Pd']",,,,,[],['WeightedEnsemble_L2']
109,WeightedEnsemble_L2,0.5897435897435896,0.6666666666666666,0.5,0.7142857142857143,0.875,0.5897435897435896,0.5291666666666667,1.0,0.3333333333333333,-1.204859679694594,-0.8292803544910204,0.9934533551554828,roc_auc,0.035738229751586914,0.018687009811401367,0.5440256595611572,0.0010509490966796875,0.000255584716796875,0.020664691925048828,2,True,111,2,1,3,12076,352069,12076,311948,2,0,WeightedEnsembleModel,GreedyWeightedEnsembleModel,roc_auc,"{'use_orig_features': False, 'valid_stacker': True, 'max_base_models': 0, 'max_base_models_per_type': 'auto', 'save_bag_folds': True, 'stratify': 'auto', 'bin': 'auto', 'n_bins': None}",{},"{'max_memory_usage_ratio': 1.0, 'max_time_limit_ratio': 1.0, 'max_time_limit': None, 'min_time_limit': 0, 'valid_raw_types': None, 'valid_special_types': None, 'ignored_type_group_special': None, 'ignored_type_group_raw': None, 'get_features_kwargs': None, 'get_features_kwargs_extra': None, 'predict_1_batch_size': None, 'temperature_scalar': None, 'drop_unique': False}","['KNeighborsUnif', 'NeuralNetTorch_r185']",,"{'ensemble_size': 25, 'subsample_size': 1000000}",{'ensemble_size': 11},"{'max_memory_usage_ratio': 1.0, 'max_time_limit_ratio': 1.0, 'max_time_limit': None, 'min_time_limit': 0, 'valid_raw_types': None, 'valid_special_types': None, 'ignored_type_group_special': None, 'ignored_type_group_raw': None, 'get_features_kwargs': None, 'get_features_kwargs_extra': None, 'predict_1_batch_size': None, 'temperature_scalar': None, 'drop_unique': False}","['KNeighborsUnif', 'NeuralNetTorch_r185']",[]
110,NeuralNetFastAI_r138,0.5384615384615384,0.6666666666666666,0.5,0.7142857142857143,0.875,0.5384615384615384,0.48333333333333334,1.0,0.3333333333333333,-0.5148539172359335,-0.05120721178061678,0.9770867430441897,roc_auc,0.019799470901489258,0.00354766845703125,0.38160157203674316,0.019799470901489258,0.00354766845703125,0.38160157203674316,1,True,86,8,1,1,1364943,1364943,1364943,1364943,0,0,NNFastAiTabularModel,,log_loss,"{'layers': [800, 400], 'emb_drop': 0.08669109226243704, 'ps': 0.2669780074016213, 'bs': 128, 'lr': 0.0041554361714983635, 'epochs': 45, 'early.stopping.min_delta': 0.0001, 'early.stopping.patience': 20, 'smoothing': 0.0}","{'epochs': 45, 'best_epoch': 23}","{'max_memory_usage_ratio': 1.0, 'max_time_limit_ratio': 1.0, 'max_time_limit': None, 'min_time_limit': 0, 'valid_raw_types': ['bool', 'int', 'float', 'category'], 'valid_special_types': None, 'ignored_type_group_special': ['text_ngram', 'text_as_category'], 'ignored_type_group_raw': None, 'get_features_kwargs': None, 'get_features_kwargs_extra': None, 'predict_1_batch_size': None, 'temperature_scalar': None}","['dm-genero', 'dm-edad', 'CC-p1-Pd', 'FR-p1-Pd', 'St-p2-Pd', 'St-p1-Pd', 'Tv-08-Pd', 'Tv-11-Pd']",,,,,[],[]
